,"('Intercept',)","('B1',)","('C1',)","('C5',)","('D1',)","('D5',)","('B21',)","('B25',)","('C21',)","('C25',)","('D21',)","('D22',)","('D25',)","('B31',)","('B35',)","('C31',)","('C35',)","('D31',)","('D32',)","('D35',)",Target
"('Intercept',)",,,,,,,,,,,,,,,,,,,,,
"('B1',)",,1.0,0.9501659326257749,-0.04948965435353331,0.8336705758978252,-0.005244541362349866,0.8711522728024302,-0.14411955335742274,0.600791401911838,-0.024291563102567897,0.27463302577145077,-0.09996077739848175,0.05411633975177012,0.7097755256914394,-0.13771285388026303,0.5275383421773995,-0.04847481837882723,0.19227824220524217,-0.07057775069633583,0.04794376271913741,0.4755920271988044
"('C1',)",,0.9501659326257749,1.0,0.10135579466816647,0.9615128935218019,0.17446401871361047,0.9272405554174366,-0.029636844387140888,0.7823427389570587,0.1328754545221498,0.44547621895102435,-0.04489179472650929,0.20866986289600917,0.8057149156290887,-0.04705473829561035,0.6992267583167109,0.07389879790979724,0.33795887267261937,-0.030013539585444202,0.17604919907503724,0.641057990337476
"('C5',)",,-0.04948965435353331,0.10135579466816647,1.0,0.21633528286803635,0.9677652859786506,0.06700304459679761,0.9481934632176608,0.24207486357125452,0.8377693691969264,0.2362470178805917,0.4874078147653642,0.5043817883558216,0.10088491324925572,0.8385999997722535,0.20689053620854517,0.744229025156579,0.19624449091528054,0.40567966379717624,0.3769620445521427,0.39879292865913124
"('D1',)",,0.8336705758978252,0.9615128935218019,0.21633528286803635,1.0,0.3193331527771952,0.891283807088892,0.06628497861381873,0.899493500656391,0.2838180243047075,0.6160372082410995,-0.000574805971572114,0.38301742878604134,0.8110589744407612,0.03595804418872138,0.8148891153885779,0.20127217411345316,0.49783855030002355,0.003480409552941772,0.3326223569770394,0.7240273702241717
"('D5',)",,-0.005244541362349866,0.17446401871361047,0.9677652859786506,0.3193331527771952,1.0,0.12715912633895382,0.9098974356817352,0.3691521399733673,0.9218928216336288,0.38633054030012354,0.5075063605780372,0.6483088640720872,0.1571281700685004,0.8344205639323203,0.32192973254374435,0.8243333735095241,0.33371949329027184,0.42443983512570826,0.5127663720004699,0.4971869260826993
"('B21',)",,0.8711522728024302,0.9272405554174366,0.06700304459679761,0.891283807088892,0.12715912633895382,1.0,-0.035760611447443386,0.8091971866953829,0.08699329039203436,0.4075813427432281,-0.04617793189500554,0.1422113811865626,0.9548817766295122,-0.046449918634198895,0.7809407974403735,0.04185290209545979,0.3093815997466689,-0.0336302833778941,0.11901508780742683,0.7357168417801994
"('B25',)",,-0.14411955335742274,-0.029636844387140888,0.9481934632176608,0.06628497861381873,0.9098974356817352,-0.035760611447443386,1.0,0.1125329146197444,0.8590687092758171,0.13831154730066836,0.4926654207745627,0.4760747441878613,0.007913249944940401,0.9555279827569341,0.09666669051536243,0.8233816804409391,0.11911995557899752,0.4377791865148966,0.36216915650045867,0.3368642011864411
"('C21',)",,0.600791401911838,0.7823427389570587,0.24207486357125452,0.899493500656391,0.3691521399733673,0.8091971866953829,0.1125329146197444,1.0,0.3920908011535089,0.8269584650452415,0.004287894621220827,0.5724986872555468,0.8337462644837728,0.09133341654278204,0.9771126407302688,0.31646382480477103,0.7351947118982328,0.006143258900547694,0.5348359311439542,0.7837248452835976
"('C25',)",,-0.024291563102567897,0.1328754545221498,0.8377693691969264,0.2838180243047075,0.9218928216336288,0.08699329039203436,0.8590687092758171,0.3920908011535089,1.0,0.5165552053026071,0.480770400898612,0.8223940735183287,0.11512811229525986,0.8810253043958511,0.3565350554915319,0.9699504614099107,0.4847065679582672,0.436508059182053,0.7185698953691124,0.4760974529580255
"('D21',)",,0.27463302577145077,0.44547621895102435,0.2362470178805917,0.6160372082410995,0.38633054030012354,0.4075813427432281,0.13831154730066836,0.8269584650452415,0.5165552053026071,1.0,-0.0038393626072281625,0.8510146898883254,0.434384672406385,0.1367980220328965,0.8149016144154799,0.46636024520935304,0.9792055731149798,0.0008514573913062387,0.8538491191957178,0.5011023440156172
"('D22',)",,-0.09996077739848175,-0.04489179472650929,0.4874078147653642,-0.000574805971572114,0.5075063605780372,-0.04617793189500554,0.4926654207745627,0.004287894621220827,0.480770400898612,-0.0038393626072281625,1.0,0.23465991908779602,-0.027739352515404964,0.46949295766821175,-0.0087168339574604,0.43242028196545484,-0.014693148385162252,0.9635573526954816,0.14547548451664577,0.3002667372026303
"('D25',)",,0.05411633975177012,0.20866986289600917,0.5043817883558216,0.38301742878604134,0.6483088640720872,0.1422113811865626,0.4760747441878613,0.5724986872555468,0.8223940735183287,0.8510146898883254,0.23465991908779602,1.0,0.16008349125698224,0.51111830215254,0.5441746094173807,0.8026714460418857,0.8432151874512992,0.22049536616588797,0.9768738867274591,0.40481362711042057
"('B31',)",,0.7097755256914394,0.8057149156290887,0.10088491324925572,0.8110589744407612,0.1571281700685004,0.9548817766295122,0.007913249944940401,0.8337462644837728,0.11512811229525986,0.434384672406385,-0.027739352515404964,0.16008349125698224,1.0,-0.009858206576511628,0.8549545437904744,0.0683885720545674,0.34539606307054727,-0.02408429660010024,0.1361113320245083,0.7981735624765719
"('B35',)",,-0.13771285388026303,-0.04705473829561035,0.8385999997722535,0.03595804418872138,0.8344205639323203,-0.046449918634198895,0.9555279827569341,0.09133341654278204,0.8810253043958511,0.1367980220328965,0.46949295766821175,0.51111830215254,-0.009858206576511628,1.0,0.0804526127466273,0.9050049370436518,0.12515798110078372,0.44436052889932526,0.41288657074183677,0.3346278600832008
"('C31',)",,0.5275383421773995,0.6992267583167109,0.20689053620854517,0.8148891153885779,0.32192973254374435,0.7809407974403735,0.09666669051536243,0.9771126407302688,0.3565350554915319,0.8149016144154799,-0.0087168339574604,0.5441746094173807,0.8549545437904744,0.0804526127466273,1.0,0.29482125846569535,0.7476312795955801,-0.007203253002558693,0.5215654834823445,0.7879558862760302
"('C35',)",,-0.04847481837882723,0.07389879790979724,0.744229025156579,0.20127217411345316,0.8243333735095241,0.04185290209545979,0.8233816804409391,0.31646382480477103,0.9699504614099107,0.46636024520935304,0.43242028196545484,0.8026714460418857,0.0683885720545674,0.9050049370436518,0.29482125846569535,1.0,0.45378909035647913,0.41873839301223337,0.7284965226715774,0.4149074402503584
"('D31',)",,0.19227824220524217,0.33795887267261937,0.19624449091528054,0.49783855030002355,0.33371949329027184,0.3093815997466689,0.11911995557899752,0.7351947118982328,0.4847065679582672,0.9792055731149798,-0.014693148385162252,0.8432151874512992,0.34539606307054727,0.12515798110078372,0.7476312795955801,0.45378909035647913,1.0,-0.009077501131669776,0.8716307343227802,0.4194080824515267
"('D32',)",,-0.07057775069633583,-0.030013539585444202,0.40567966379717624,0.003480409552941772,0.42443983512570826,-0.0336302833778941,0.4377791865148966,0.006143258900547694,0.436508059182053,0.0008514573913062387,0.9635573526954816,0.22049536616588797,-0.02408429660010024,0.44436052889932526,-0.007203253002558693,0.41873839301223337,-0.009077501131669776,1.0,0.1484630641762035,0.27455192099742554
"('D35',)",,0.04794376271913741,0.17604919907503724,0.3769620445521427,0.3326223569770394,0.5127663720004699,0.11901508780742683,0.36216915650045867,0.5348359311439542,0.7185698953691124,0.8538491191957178,0.14547548451664577,0.9768738867274591,0.1361113320245083,0.41288657074183677,0.5215654834823445,0.7284965226715774,0.8716307343227802,0.1484630641762035,1.0,0.33078426689899426
Target,,0.4755920271988044,0.641057990337476,0.39879292865913124,0.7240273702241717,0.4971869260826993,0.7357168417801994,0.3368642011864411,0.7837248452835976,0.4760974529580255,0.5011023440156172,0.3002667372026303,0.40481362711042057,0.7981735624765719,0.3346278600832008,0.7879558862760302,0.4149074402503584,0.4194080824515267,0.27455192099742554,0.33078426689899426,1.0
