1,3-dimethylcyclohexane
Alternative names:
1,3-dimethylcyclohexane
hexahydro-m-xylene
m-dimethylcyclohexane
cyclohexane, 1,3-dimethyl-
C8H16
Molecular mass:	112.216
DIPPR family:	none ()
DIPPR subgroup:	none ()

Prediction report:

Joback: 2 CH3 4 CH2(ring) 2 CH(ring)

Marrero-Pardillo:
2 8: CH3 rCH
2 111: rCH2 rCH2
4 112: rCH2 rCH

Constantinou-Gani:
(1 order)
2 CH3
4 CH2
2 CH
(2 order)
1 Ring6

UNIFAC:  2 1 4 2 2 3

NIST-KT-UNIFAC:  2 1 4 27 2 28

Wilson-Jasperson: 8 C 16 H
Symmetry number used for S prediction: 18
Benson S(gas, 298.15): 366.028J/K/mol
Experimental data file:	

SINGLE-VALUE PROPERTIES

Predicted enthalpy of formation (G):	-182.0	(4.4) kJ/mol
Predicted enthalpy of formation (L):	-218.6	(4.9) kJ/mol

Benson contributions (gas, liq)
CH2-C2	-23.1	-27.23
CH2-C2	-23.1	-27.23
CH2-C2	-23.1	-27.23
CH-C3	-10.5	-10.37
CH2-C2	-23.1	-27.23
CH-C3	-10.5	-10.37
CH3-C	-41.8	-48.5
CH3-C	-41.8	-48.5

Ring corrections (gas, liq)
cyclohexane	15	10

Interaction corrections (gas, liq)

Acentric factor:	0.274598
Normal boiling point:	393.437	(2.86169) K
Critical compressibility:	0.272207 (0.0112129)

DEFAULT EQUATIONS

Phase boundary pressure (Liquid, Gas)
Equation:	Wagner25
Validity range
Temperature:	180 to 590.3	K
Constants:		590.3
Parameters:
 8.02471
 -7.47164
 0.532934
 2.57869
 -11.3597
Covariance matrix
0.880467	-6.56368	8.31375	0	0
-6.56368	89.7445	-132.512	0	0
8.31375	-132.512	200.463	0	0
0	0	0	0	0
0	0	0	0	0
**************************************************
Density (Liquid, Gas)
Equation:	VDNSExpansion
Validity range
Temperature:	180 to 590.3	K
Constants:	 590.3
Parameters:
 256.637
 545.867
 141.602
 63.1859
 -19.9408
Covariance matrix
1696.05	-6108.51	11287.1	-14410.4	8454.62
-6108.51	89350.6	-317319	579358	-401990
11287.1	-317319	1.25636e+006	-2.43149e+006	1.74142e+006
-14410.4	579358	-2.43149e+006	4.90509e+006	-3.60946e+006
8454.62	-401990	1.74142e+006	-3.60946e+006	2.71082e+006
**************************************************
Density (Gas)
Equation:	VirialV
Validity range
Temperature:	270.541 to 579.799	K
Pressure:	0 to 419.473	kPa
Constants:	 2 4
Parameters:
 0.00172951
 -1.20904
 -202.628
 82988.2
 -5.43978e-005
 0.0732455
 -32.4615
 4721.74
Covariance matrix
0.371305	-490.097	210904	-2.94732e+007	-0.000837981	0.328461	307.618	-129806
-490.097	648086	-2.79393e+008	3.91131e+010	1.05797	-372.209	-433069	1.75516e+008
210904	-2.79393e+008	1.2067e+011	-1.69259e+013	-451.433	159658	1.84634e+008	-7.50152e+010
-2.94732e+007	3.91131e+010	-1.69259e+013	2.37943e+015	66420.2	-2.82209e+007	-2.24621e+010	9.87393e+012
-0.000837981	1.05797	-451.433	66420.2	5.92805e-005	-0.0876012	43.2232	-7125.65
0.328461	-372.209	159658	-2.82209e+007	-0.0876012	132.057	-66491	1.11847e+007
307.618	-433069	1.84634e+008	-2.24621e+010	43.2232	-66491	3.41514e+007	-5.85579e+009
-129806	1.75516e+008	-7.50152e+010	9.87393e+012	-7125.65	1.11847e+007	-5.85579e+009	1.02213e+012
**************************************************
Density (Gas, Liquid)
Equation:	VDNSExpansion
Validity range
Temperature:	465.434 to 590.3	K
Constants:	 590.3
Parameters:
 256.637
 -511.759
 147.078
 867.06
 -1447.2
Covariance matrix
349.534	-1782.29	6427.38	-23667.8	40724.1
-1782.29	9670.28	-37534.7	147396	-263462
6427.38	-37534.7	158201	-666318	1.24142e+006
-23667.8	147396	-666318	2.98028e+006	-5.76006e+006
40724.1	-263462	1.24142e+006	-5.76006e+006	1.13956e+007
**************************************************
Enthalpy of vaporization or sublimation (Liquid, Gas)
Equation:	Watson
Validity range
Temperature:	255 to 590.3	K
Constants:		590.3
Parameters:
 5.04751
 4.67008
 -6.36696
 2.36131
Covariance matrix
2.75855	10.074	-0.0258831	1.72182e-005
10.074	37.3565	-0.0971063	6.57373e-005
-0.0258831	-0.0971063	0.000254768	-1.74857e-007
1.72182e-005	6.57373e-005	-1.74857e-007	1.22441e-010
**************************************************
Heat capacity at saturation pressure (Liquid, Gas)
Heat capacity and derived properties (through integration) for Liquid
Equation:	CSExpansion
Validity range
Temperature:	250 to 578.494	K
Constants:		590.3
Parameters:
 4.85346
 98.7953
 0.187161
 0.000747761
 -7.26006e-007
Covariance matrix
25.8302	109.379	-0.523719	0	0
109.379	1359.31	-4.58783	0	0
-0.523719	-4.58783	0.0171669	0	0
0	0	0	0	0
0	0	0	0	0
**************************************************
Heat capacity at constant pressure (Ideal gas)
Heat capacity and derived properties (through integration) for Ideal gas
Equation:	PolynomialHC
Validity range
Temperature:	200 to 1000	K
Constants:		298.15	0	366.028	0	9.32055
Parameters:
 -17.877
 0.63309
 -0.00012859
 -7.547e-008
 -7.18449e-021
Covariance matrix
397.734	-0.761658	0	0	0
-0.761658	0.00185435	0	0	0
0	0	0	0	0
0	0	0	0	0
0	0	0	0	0
**************************************************
Enthalpy (Liquid, Gas)
Heat capacity and derived properties (through integration) for Liquid
Equation:	CSExpansion
Validity range
Temperature:	250 to 578.494	K
Constants:		590.3	298.15	0	270.785
Parameters:
 4.85346
 98.7953
 0.187161
 0.000747761
 -7.26006e-007
Covariance matrix
25.8302	109.379	-0.523719	0	0
109.379	1359.31	-4.58783	0	0
-0.523719	-4.58783	0.0171669	0	0
0	0	0	0	0
0	0	0	0	0
**************************************************
Enthalpy (Ideal gas)
Heat capacity and derived properties (through integration) for Ideal gas
Equation:	PolynomialHC
Validity range
Temperature:	200 to 1000	K
Constants:		298.15	0	366.028	0	9.32055
Parameters:
 -17.877
 0.63309
 -0.00012859
 -7.547e-008
 -7.18449e-021
Covariance matrix
397.734	-0.761658	0	0	0
-0.761658	0.00185435	0	0	0
0	0	0	0	0
0	0	0	0	0
0	0	0	0	0
**************************************************
Entropy (Ideal gas)
Heat capacity and derived properties (through integration) for Ideal gas
Equation:	PolynomialHC
Validity range
Temperature:	200 to 1000	K
Pressure:	100 to 100	kPa
Constants:		298.15	0	366.028	0	9.32055
Parameters:
 -17.877
 0.63309
 -0.00012859
 -7.547e-008
 -7.18449e-021
Covariance matrix
397.734	-0.761658	0	0	0
-0.761658	0.00185435	0	0	0
0	0	0	0	0
0	0	0	0	0
0	0	0	0	0
**************************************************
Entropy (Liquid, Gas)
Heat capacity and derived properties (through integration) for Liquid
Equation:	CSExpansion
Validity range
Temperature:	250 to 578.494	K
Constants:		590.3	298.15	0	270.785
Parameters:
 4.85346
 98.7953
 0.187161
 0.000747761
 -7.26006e-007
Covariance matrix
25.8302	109.379	-0.523719	0	0
109.379	1359.31	-4.58783	0	0
-0.523719	-4.58783	0.0171669	0	0
0	0	0	0	0
0	0	0	0	0
**************************************************
Refractive index (Liquid, Gas)
Equation:	RIXExpansion
Validity range
Wavelength:	589.26 to 589.26	nm
Temperature:	293.138 to 298.136	K
Constants:		0
Parameters:
 1.42299
 -0.000862038
Covariance matrix
6.93156e-005	1.38337e-005
1.38337e-005	3.03016e-006
**************************************************
Viscosity (Gas)
Equation:	TransportPolynomial
Validity range
Temperature:	400 to 880	K
Pressure:	0 to 101.325	kPa
Constants:		590.3
Parameters:
 -8.09748e-007
 2.44394e-008
 -3.93011e-012
Covariance matrix
1.12637e-009	-3.7798e-012	3.00769e-015
-3.7798e-012	1.28373e-014	-1.03202e-017
3.00769e-015	-1.03202e-017	8.38445e-021
**************************************************
Viscosity (Liquid, Gas)
Equation:	ViscosityL
Validity range
Temperature:	277.997 to 590	K
Constants:		590.3
Parameters:
 -12.404
 3078.37
 -831909
 1.08082e+008
Covariance matrix
100.755	-98290.8	3.17605e+007	-3.39966e+009
-98290.8	9.61217e+007	-3.11329e+010	3.33999e+012
3.17605e+007	-3.11329e+010	1.01067e+013	-1.08664e+015
-3.39966e+009	3.33999e+012	-1.08664e+015	1.17077e+017
**************************************************
Thermal conductivity (Gas)
Equation:	TransportPolynomial
Validity range
Temperature:	400 to 880	K
Pressure:	0 to 0	kPa
Constants:		590.3
Parameters:
 -0.0176989
 7.85317e-005
 4.51264e-008
Covariance matrix
0.00430544	-1.49808e-005	1.23264e-008
-1.49808e-005	5.26893e-008	-4.37944e-011
1.23264e-008	-4.37944e-011	3.68247e-014
**************************************************
Thermal conductivity (Liquid, Gas)
Equation:	TransportPolynomial
Validity range
Temperature:	200 to 530	K
Constants:		590.3
Parameters:
 0.184821
 -0.000359179
 2.86682e-007
Covariance matrix
0.0226595	-0.000119505	1.50524e-007
-0.000119505	6.34882e-007	-8.06297e-010
1.50524e-007	-8.06297e-010	1.03485e-012
**************************************************

Recommended values

**************************************************
Normal boiling temperature (Liquid, Gas)

TBN	TBN uncertainty
K	K
393.4	2.8

**************************************************
Critical temperature (Liquid, Gas)

TC	TC uncertainty
K	K
590.3	8.7

**************************************************
Critical pressure (Liquid, Gas)

PC	PC uncertainty
kPa	kPa
3056	2867

**************************************************
Boiling temperature (Liquid, Gas)

P	TB	TB uncertainty
kPa	K	K
2.41491e-005	180	10
200	422.6	8.8
400	457	16
600	480	21
800	497	24
1000	511	26
1200	522	29
1400	533	31
1600	542	33
1800	550	36
2000	558	38
2200	565	41
2400	572	44
2600	578	46
2800	583	49
3000	589	52
3055.53	590	52

**************************************************
Phase boundary pressure (Liquid, Gas)

T	P	P uncertainty
K	kPa	kPa
180	2.4e-005	0.00016
180	2.4e-005	0.00016
200	0.00072	0.0038
220	0.0096	0.039
240	0.073	0.23
260	0.37	0.89
280	1.4	2.5
300	4.0	5.3
320	9.7	9.0
340	21	13
360	40	14
380	71.4	9.9
400	119	10
420	189	37
440	287	84
460	423	156
480	605	259
500	845	406
520	1157	619
540	1555	940
560	2056	1441
580	2679	2249
590.3	3056	2867

**************************************************
Critical density (Liquid, Gas)

VDC	VDC uncertainty
kg/m3	kg/m3
257	11

**************************************************
Density (Liquid, Gas)

T	VDN	VDN uncertainty
K	kg/m3	kg/m3
180	860	27
180	860	27
200	844	18
220	829	12
240	813.5	7.0
260	797.6	3.8
280	781.5	1.7
300	765.0	1.8
320	748.1	3.9
340	730.8	6.3
360	713.0	8.7
380	695	11
400	675	13
420	656	14
440	635	15
460	612	16
480	589	18
500	563	22
520	534	27
540	500	35
560	457	43
580	391	39
590.3	257	26

**************************************************
Density (Gas)

T	P	VDN	VDN uncertainty
K	kPa	kg/m3	kg/m3
340	20	0.802	0.046
360	20	0.757	0.041
360	40	1.529	0.089
380	20	0.716	0.036
380	40	1.446	0.095
380	60	2.19	0.13
400	20	0.680	0.027
400	40	1.371	0.084
400	60	2.07	0.13
400	80	2.79	0.16
400	100	3.51	0.25
400	120	4.26	0.59
420	20	0.647	0.018
420	40	1.303	0.061
420	60	1.97	0.11
420	80	2.64	0.16
420	100	3.33	0.20
420	120	4.03	0.26
420	140	4.74	0.43
420	160	5.46	0.76
420	180	6.2	1.3
440	20	0.617	0.011
440	40	1.242	0.041
440	60	1.875	0.084
440	80	2.52	0.14
440	100	3.17	0.19
440	120	3.82	0.25
440	140	4.49	0.33
440	160	5.17	0.42
440	180	5.86	0.57
440	200	6.56	0.80
440	220	7.3	1.1
440	240	8.0	1.6
440	260	8.7	2.2
440	280	9.5	3.1
460	20	0.5899	0.0078
460	40	1.186	0.030
460	60	1.789	0.066
460	80	2.40	0.11
460	100	3.02	0.17
460	120	3.64	0.23
460	140	4.27	0.31
460	160	4.91	0.38
460	180	5.56	0.47
460	200	6.21	0.56
460	220	6.88	0.66
460	240	7.55	0.79
460	260	8.24	0.93
460	280	8.9	1.1
460	300	9.6	1.3
460	320	10.4	1.6
460	340	11.1	2.0
460	360	11.8	2.5
460	380	12.6	3.1
460	400	13.3	3.9
460	419.473	14.1	4.8
480	20	0.5650	0.0072
480	40	1.135	0.028
480	60	1.711	0.061
480	80	2.29	0.10
480	100	2.88	0.16
480	120	3.47	0.22
480	140	4.07	0.28
480	160	4.68	0.35
480	180	5.29	0.42
480	200	5.91	0.49
480	220	6.54	0.56
480	240	7.17	0.62
480	260	7.81	0.67
480	280	8.46	0.72
480	300	9.12	0.76
480	320	9.78	0.79
480	340	10.45	0.83
480	360	11.14	0.89
480	380	11.83	0.98
480	400	12.5	1.1
480	419.473	13.2	1.4
500	20	0.5420	0.0070
500	40	1.089	0.027
500	60	1.640	0.058
500	80	2.195	0.0999
500	100	2.76	0.15
500	120	3.32	0.21
500	140	3.89	0.27
500	160	4.47	0.33
500	180	5.05	0.39
500	200	5.63	0.45
500	220	6.23	0.51
500	240	6.82	0.55
500	260	7.43	0.59
500	280	8.04	0.62
500	300	8.65	0.64
500	320	9.28	0.65
500	340	9.91	0.66
500	360	10.54	0.68
500	380	11.19	0.74
500	400	11.84	0.87
500	419.473	12.5	1.1
520	20	0.5209	0.0065
520	40	1.046	0.025
520	60	1.574	0.055
520	80	2.106	0.094
520	100	2.64	0.14
520	120	3.18	0.19
520	140	3.73	0.25
520	160	4.28	0.31
520	180	4.83	0.37
520	200	5.39	0.43
520	220	5.95	0.48
520	240	6.51	0.53
520	260	7.09	0.57
520	280	7.66	0.60
520	300	8.24	0.62
520	320	8.83	0.64
520	340	9.42	0.65
520	360	10.02	0.67
520	380	10.62	0.71
520	400	11.23	0.79
520	419.473	11.83	0.94
540	20	0.5014	0.0064
540	40	1.006	0.025
540	60	1.513	0.054
540	80	2.024	0.092
540	100	2.54	0.14
540	120	3.06	0.19
540	140	3.58	0.24
540	160	4.10	0.30
540	180	4.63	0.36
540	200	5.16	0.42
540	220	5.70	0.47
540	240	6.23	0.51
540	260	6.78	0.55
540	280	7.32	0.59
540	300	7.88	0.61
540	320	8.43	0.62
540	340	8.99	0.63
540	360	9.56	0.64
540	380	10.12	0.67
540	400	10.70	0.73
540	419.473	11.26	0.84
560	20	0.4833	0.0077
560	40	0.969	0.029
560	60	1.458	0.064
560	80	1.95	0.11
560	100	2.44	0.16
560	120	2.94	0.22
560	140	3.44	0.28
560	160	3.94	0.35
560	180	4.45	0.41
560	200	4.95	0.48
560	220	5.47	0.53
560	240	5.98	0.58
560	260	6.50	0.62
560	280	7.02	0.64
560	300	7.54	0.65
560	320	8.07	0.65
560	340	8.60	0.64
560	360	9.14	0.62
560	380	9.68	0.62
560	400	10.22	0.66
560	419.473	10.75	0.76
579.799	20	0.467	0.010
579.799	40	0.935	0.040
579.799	60	1.406	0.086
579.799	80	1.88	0.15
579.799	100	2.35	0.22
579.799	120	2.83	0.30
579.799	140	3.31	0.38
579.799	160	3.79	0.47
579.799	180	4.28	0.56
579.799	200	4.77	0.65
579.799	220	5.26	0.73
579.799	240	5.75	0.80
579.799	260	6.25	0.86
579.799	280	6.74	0.91
579.799	300	7.24	0.94
579.799	320	7.75	0.96
579.799	340	8.26	0.97
579.799	360	8.77	0.97
579.799	380	9.28	0.99
579.799	400	9.8	1.0
579.799	419.473	10.3	1.2

**************************************************
Density (Gas, Liquid)

T	VDN	VDN uncertainty
K	kg/m3	kg/m3
473.83	18.32	0.25
483.83	21.87	0.31
493.83	26.04	0.32
503.83	30.97	0.36
513.83	36.82	0.45
523.83	43.83	0.56
533.83	52.30	0.66
543.83	62.65	0.80
553.83	75.6	1.1
563.83	92.2	1.6
573.83	115.2	2.3
583.83	152.9	4.0
590.3	257	19

**************************************************
Enthalpy of vaporization or sublimation (Liquid, Gas)

T	HVP	HVP uncertainty
K	kJ/mol	kJ/mol
255	41.0	5.0
260	40.4	4.5
280	38.3	3.0
300	36.5	2.1
320	34.9	1.8
340	33.6	1.7
360	32.5	1.7
380	31.4	1.6
400	30.5	1.5
420	29.6	1.4
440	28.7	1.4
460	27.7	1.4
480	26.6	1.5
500	25.1	1.5
520	23.2	1.4
540	20.6	1.5
560	16.5	2.5
580	9.4	4.5
590.3	0.0	0.0

**************************************************
Heat capacity at saturation pressure (Liquid, Gas)

T	CS	CS uncertainty
K	J/K/mol	J/K/mol
250	189	12
260	194	11
280	203.1	9.4
300	212.5	8.0
320	222.1	7.1
340	231.8	6.6
360	241.7	6.7
380	251.7	7.2
400	261.9	8.0
420	272.3	8.8
440	283.1	9.6
460	294	10
480	307	11
500	320	13
520	337	18
540	361	30
560	405	65
578.494	559	217

**************************************************
Heat capacity at constant pressure (Ideal gas)

T	CP	CP uncertainty
K	J/K/mol	J/K/mol
200	103	13
200	103	13
250	131	12
300	158	10
350	184.7	9.6
400	210.0	9.2
450	234.1	9.4
500	257.1	9.98
550	279	11
600	299	12
650	319	14
700	336	15
750	353	17
800	368	19
850	381	21
900	393	23
950	403	25
1000	411	27

**************************************************
Enthalpy (Liquid, Gas)

T	H	H uncertainty
K	kJ/mol	kJ/mol
250	-9.65	0.61
260	-7.73	0.44
280	-3.76	0.17
300	0.392	0.015
320	4.74	0.15
340	9.28	0.26
360	14.01	0.39
380	18.94	0.54
400	24.08	0.73
420	29.42	0.95
440	35.0	1.2
460	40.7	1.4
480	46.8	1.7
500	53.0	2.2
520	59.6	3.1
540	66.5	5.5
560	74	12
578.494	83	32

**************************************************
Enthalpy (Ideal gas)

T	H	H uncertainty
K	kJ/mol	kJ/mol
200	-12.8	1.6
200	-12.8	1.6
250	-6.95	0.61
300	0.292	0.019
350	8.88	0.46
400	18.75	0.82
450	29.9	1.2
500	42.1	1.6
550	55.5	2.2
600	70.0	2.9
650	85.5	3.7
700	101.8	4.7
750	119.1	5.8
800	137.1	7.1
850	155.8	8.6
900	175	10
950	195	12
1000	215	14

**************************************************
Entropy (Ideal gas)

T	P	S	S uncertainty
K	kPa	J/K/mol	J/K/mol
200	100	315	16
200	100	315	16
250	100	341	12
300	100	367.0	9.4
350	100	393	11
400	100	420	12
450	100	446	13
500	100	472	13
550	100	497	14
600	100	522	16
650	100	547	17
700	100	571	19
750	100	595	21
800	100	618	22
850	100	641	25
900	100	663	27
950	100	685	29
1000	100	706	32

**************************************************
Entropy (Liquid, Gas)

T	S	S uncertainty
K	J/K/mol	J/K/mol
250	236	38
260	243	38
280	258	37
300	272	36
320	286	37
340	300	37
360	313	37
380	327	38
400	340	38
420	353	39
440	366	39
460	379	40
480	391	41
500	404	42
520	417	44
540	430	49
560	444	64
578.494	459	109

**************************************************
Refractive index (Liquid, Gas)

WL	T	RIX	RIX uncertainty
nm	K		
589.26	293.138	1.4273	0.0026
589.26	293.338	1.4271	0.0025
589.26	293.538	1.4270	0.0025
589.26	293.738	1.4268	0.0025
589.26	293.938	1.4266	0.0026
589.26	294.138	1.4264	0.0027
589.26	294.338	1.4263	0.0028
589.26	294.538	1.4261	0.0030
589.26	294.738	1.4259	0.0032
589.26	294.938	1.4258	0.0034
589.26	295.138	1.4256	0.0037
589.26	295.338	1.4254	0.0039
589.26	295.538	1.4252	0.0042
589.26	295.738	1.4251	0.0045
589.26	295.938	1.4249	0.0048
589.26	296.138	1.4247	0.0051
589.26	296.338	1.4245	0.0054
589.26	296.538	1.4244	0.0057
589.26	296.738	1.4242	0.0060
589.26	296.938	1.4240	0.0063
589.26	297.138	1.4239	0.0067
589.26	297.338	1.4237	0.0070
589.26	297.538	1.4235	0.0073
589.26	297.738	1.4233	0.0076
589.26	297.938	1.4232	0.0080
589.26	298.136	1.4230	0.0083

**************************************************
Viscosity (Gas)

T	P	NVC	NVC uncertainty
K	kPa	Pa*s	Pa*s
400	101.325	8.3e-006	3.6e-006
400	101.325	8.3e-006	3.6e-006
420	101.325	8.8e-006	2.9e-006
440	101.325	9.2e-006	2.5e-006
460	101.325	9.6e-006	2.1e-006
480	101.325	1.00e-005	2.0e-006
500	101.325	1.04e-005	1.9e-006
520	101.325	1.08e-005	2.0e-006
540	101.325	1.12e-005	2.1e-006
560	101.325	1.16e-005	2.2e-006
580	101.325	1.20e-005	2.3e-006
600	101.325	1.24e-005	2.4e-006
620	101.325	1.28e-005	2.5e-006
640	101.325	1.32e-005	2.5e-006
660	101.325	1.36e-005	2.5e-006
680	101.325	1.40e-005	2.5e-006
700	101.325	1.44e-005	2.4e-006
720	101.325	1.47e-005	2.4e-006
740	101.325	1.51e-005	2.5e-006
760	101.325	1.55e-005	2.6e-006
780	101.325	1.59e-005	2.9e-006
800	101.325	1.62e-005	3.3e-006
820	101.325	1.66e-005	3.8e-006
840	101.325	1.69e-005	4.4e-006
860	101.325	1.73e-005	5.1e-006
880	101.325	1.77e-005	6.0e-006

**************************************************
Viscosity (Liquid, Gas)

T	NVC	NVC uncertainty
K	Pa*s	Pa*s
277.997	0.000855	2.5e-005
280	0.000827	2.1e-005
300	0.000622	1.3e-005
320	0.0004956	9.6e-006
340	0.0004112	8.1e-006
360	0.0003507	8.1e-006
380	0.000305	1.1e-005
400	0.000270	1.7e-005
420	0.000241	2.7e-005
440	0.000217	3.7e-005
460	0.000197	4.8e-005
480	0.000180	5.9e-005
500	0.000165	6.9e-005
520	0.000152	7.9e-005
540	0.000141	8.8e-005
560	0.000130	9.5e-005
580	0.00012	0.00010
590	0.00012	0.00011

**************************************************
Thermal conductivity (Gas)

T	P	NTC	NTC uncertainty
K	kPa	W/m/K	W/m/K
400	101.325	0.0209	0.0057
400	101.325	0.0209	0.0057
420	101.325	0.0232	0.0046
440	101.325	0.0256	0.0038
460	101.325	0.0280	0.0035
480	101.325	0.0304	0.0034
500	101.325	0.0328	0.0036
520	101.325	0.0353	0.0039
540	101.325	0.0379	0.0043
560	101.325	0.0404	0.0046
580	101.325	0.0430	0.0048
600	101.325	0.0457	0.0050
620	101.325	0.0483	0.0051
640	101.325	0.0510	0.0052
660	101.325	0.0538	0.0052
680	101.325	0.0566	0.0052
700	101.325	0.0594	0.0053
720	101.325	0.0622	0.0056
740	101.325	0.0651	0.0060
760	101.325	0.0681	0.0066
780	101.325	0.0710	0.0075
800	101.325	0.0740	0.0085
820	101.325	0.0770	0.0099
840	101.325	0.080	0.011
860	101.325	0.083	0.013
880	101.325	0.086	0.015

**************************************************
Thermal conductivity (Liquid, Gas)

T	NTC	NTC uncertainty
K	W/m/K	W/m/K
200	0.124	0.032
200	0.124	0.032
220	0.120	0.025
240	0.115	0.019
260	0.111	0.013
280	0.1067	0.0086
300	0.1029	0.0057
320	0.0992	0.0050
340	0.0958	0.0061
360	0.0927	0.0075
380	0.0897	0.0087
400	0.0870	0.0095
420	0.085	0.010
440	0.082	0.011
460	0.080	0.011
480	0.078	0.013
500	0.077	0.016
520	0.076	0.019
530	0.075	0.022




Alternative equations 



Multi-property models 

