2,3-dimethylheptane
Alternative names:
heptane, 2,3-dimethyl-
2,3-dimethylheptane
C9H20
Molecular mass:	128.259
DIPPR family:	DA (DIMETHYLALKANES)
DIPPR subgroup:	dab (2,3-dimethylalkanes)

Prediction report:

Joback: 4 CH3 3 CH2 2 CH

Marrero-Pardillo:
1 2: CH3 CH2
3 3: CH3 CH
2 29: CH2 CH2
1 30: CH2 CH
1 55: CH CH

Constantinou-Gani:
(1 order)
4 CH3
3 CH2
2 CH
(2 order)

UNIFAC:  4 1 3 2 2 3

NIST-KT-UNIFAC:  4 1 3 2 2 3

Wilson-Jasperson: 9 C 20 H
Symmetry number used for S prediction: 81
Benson S(gas, 298.15): 495.745J/K/mol
Experimental data file:	

SINGLE-VALUE PROPERTIES

Predicted enthalpy of formation (G):	-237.0	(6.4) kJ/mol
Predicted enthalpy of formation (L):	-281.1	(7.0) kJ/mol

Benson contributions (gas, liq)
CH3-C	-41.8	-48.5
CH-C3	-10.5	-10.37
CH-C3	-10.5	-10.37
CH2-C2	-23.1	-27.23
CH2-C2	-23.1	-27.23
CH2-C2	-23.1	-27.23
CH3-C	-41.8	-48.5
CH3-C	-41.8	-48.5
CH3-C	-41.8	-48.5

Ring corrections (gas, liq)

Interaction corrections (gas, liq)
8	C-X-X-C	2.56	2.01

Acentric factor:	0.40442
Normal boiling point:	413.767	(0.939086) K
Critical compressibility:	0.2669 (0.00745258)

DEFAULT EQUATIONS

Phase boundary pressure (Liquid, Gas)
Equation:	Wagner25
Validity range
Temperature:	180 to 587.9	K
Constants:		587.9
Parameters:
 7.7918
 -8.08855
 2.07436
 -3.43384
 -3.56963
Covariance matrix
0.65804	-5.26932	6.81036	0	0
-5.26932	52.6985	-73.7601	0	0
6.81036	-73.7601	105.684	0	0
0	0	0	0	0
0	0	0	0	0
**************************************************
Density (Liquid, Gas)
Equation:	VDNSExpansion
Validity range
Temperature:	180 to 587.9	K
Constants:	 587.9
Parameters:
 237.969
 515.037
 144.711
 56.7052
 -31.8999
Covariance matrix
330.925	-1332.3	2850.12	-4142.9	2600.38
-1332.3	14163.3	-50837.5	96902.7	-68680.6
2850.12	-50837.5	210602	-432715	319175
-4142.9	96902.7	-432715	937129	-717903
2600.38	-68680.6	319175	-717903	568764
**************************************************
Density (Gas, Liquid)
Equation:	VDNSExpansion
Validity range
Temperature:	471.908 to 587.9	K
Constants:	 587.9
Parameters:
 237.969
 -507.419
 317.947
 44.0147
**************************************************
Enthalpy of vaporization or sublimation (Liquid, Gas)
Equation:	Watson
Validity range
Temperature:	255 to 587.9	K
Constants:		587.9
Parameters:
 4.05998
 0.273723
 0.332576
 -0.213228
Covariance matrix
2.9161	10.7246	-0.0280023	1.90999e-005
10.7246	40.1122	-0.106055	7.36632e-005
-0.0280023	-0.106055	0.000283085	-1.99326e-007
1.90999e-005	7.36632e-005	-1.99326e-007	1.43067e-010
**************************************************
Heat capacity at saturation pressure (Liquid, Gas)
Heat capacity and derived properties (through integration) for Liquid
Equation:	CSExpansion
Validity range
Temperature:	250 to 576.142	K
Constants:		587.9
Parameters:
 5.40549
 160.012
 0.115353
 0.00117456
 -1.17909e-006
Covariance matrix
37.1555	166.754	-0.782062	0	0
166.754	2227.74	-7.3996	0	0
-0.782062	-7.3996	0.0271391	0	0
0	0	0	0	0
0	0	0	0	0
**************************************************
Heat capacity at constant pressure (Ideal gas)
Multi-property equation:	Wilhoit
Validity range
Temperature:	200 to 1500	K
Constants:		0	729.6	23.32	492.387
Parameters:
 4
 10.73
 419
 79.093
 23.082
 -59.08
 271
 40
**************************************************
Enthalpy (Liquid, Gas)
Heat capacity and derived properties (through integration) for Liquid
Equation:	CSExpansion
Validity range
Temperature:	250 to 576.142	K
Constants:		587.9	298.15	0	382.974
Parameters:
 5.40549
 160.012
 0.115353
 0.00117456
 -1.17909e-006
Covariance matrix
37.1555	166.754	-0.782062	0	0
166.754	2227.74	-7.3996	0	0
-0.782062	-7.3996	0.0271391	0	0
0	0	0	0	0
0	0	0	0	0
**************************************************
Enthalpy (Ideal gas)
Multi-property equation:	Wilhoit
Validity range
Temperature:	200 to 1500	K
Constants:		0	729.6	23.32	492.387
Parameters:
 4
 10.73
 419
 79.093
 23.082
 -59.08
 271
 40
**************************************************
Entropy (Ideal gas)
Multi-property equation:	Wilhoit
Validity range
Temperature:	200 to 1500	K
Constants:		0	729.6	23.32	492.387
Parameters:
 4
 10.73
 419
 79.093
 23.082
 -59.08
 271
 40
**************************************************
Entropy (Liquid, Gas)
Heat capacity and derived properties (through integration) for Liquid
Equation:	CSExpansion
Validity range
Temperature:	250 to 576.142	K
Constants:		587.9	298.15	0	382.974
Parameters:
 5.40549
 160.012
 0.115353
 0.00117456
 -1.17909e-006
Covariance matrix
37.1555	166.754	-0.782062	0	0
166.754	2227.74	-7.3996	0	0
-0.782062	-7.3996	0.0271391	0	0
0	0	0	0	0
0	0	0	0	0
**************************************************
Refractive index (Liquid, Gas)
Equation:	RIXExpansion
Validity range
Wavelength:	589.26 to 589.26	nm
Temperature:	293.138 to 293.138	K
Constants:		0
Parameters:
 1.40878
Covariance matrix
6.62138e-008
**************************************************
Viscosity (Gas)
Equation:	TransportPolynomial
Validity range
Temperature:	420 to 880	K
Pressure:	0 to 101.325	kPa
Constants:		587.9
Parameters:
 -7.75618e-007
 2.25821e-008
 -3.70818e-012
Covariance matrix
1.27258e-009	-4.16967e-012	3.2596e-015
-4.16967e-012	1.38059e-014	-1.08912e-017
3.2596e-015	-1.08912e-017	8.6721e-021
**************************************************
Viscosity (Liquid, Gas)
Equation:	ViscosityL
Validity range
Temperature:	270 to 580	K
Constants:		587.9
Parameters:
 -15.5306
 5197.53
 -1.29551e+006
 1.39987e+008
Covariance matrix
819.958	-963266	3.66503e+008	-4.5216e+010
-963266	1.13712e+009	-4.34656e+011	5.38523e+013
3.66503e+008	-4.34656e+011	1.66907e+014	-2.07691e+016
-4.5216e+010	5.38523e+013	-2.07691e+016	2.59537e+018
**************************************************
Thermal conductivity (Gas)
Equation:	TransportPolynomial
Validity range
Temperature:	420 to 880	K
Pressure:	0 to 0	kPa
Constants:		587.9
Parameters:
 -0.0185322
 8.89953e-005
 2.58885e-008
Covariance matrix
0.00549883	-1.85172e-005	1.4846e-008
-1.85172e-005	6.29596e-008	-5.09325e-011
1.4846e-008	-5.09325e-011	4.16152e-014
**************************************************
Thermal conductivity (Liquid, Gas)
Equation:	TransportPolynomial
Validity range
Temperature:	200 to 520	K
Constants:		587.9
Parameters:
 0.14592
 -3.43073e-005
 -2.12443e-007
Covariance matrix
0.0138174	-7.6184e-005	9.90064e-008
-7.6184e-005	4.29681e-007	-5.67353e-010
9.90064e-008	-5.67353e-010	7.58776e-013
**************************************************

Recommended values

**************************************************
Normal boiling temperature (Liquid, Gas)

TBN	TBN uncertainty
K	K
413.77	0.92

**************************************************
Critical temperature (Liquid, Gas)

TC	TC uncertainty
K	K
587.9	8.4

**************************************************
Critical pressure (Liquid, Gas)

PC	PC uncertainty
kPa	kPa
2421	1964

**************************************************
Boiling temperature (Liquid, Gas)

P	TB	TB uncertainty
kPa	K	K
2.27404e-006	180.0	8.5
100	413.28	0.91
200	441.1	4.3
300	459.6	7.1
400	473.8	9.5
500	485	12
600	496	14
700	504	16
800	512	18
900	520	20
1000	526	21
1100	532	23
1200	538	25
1300	543	27
1400	548	29
1500	553	30
1600	558	32
1700	562	34
1800	566	35
1900	570	37
2000	574	38
2100	577	40
2200	581	41
2300	584	42
2400	587	43
2420.66	588	43

**************************************************
Phase boundary pressure (Liquid, Gas)

T	P	P uncertainty
K	kPa	kPa
180	2.3e-006	9.8e-006
180	2.3e-006	9.8e-006
200	7.4e-005	0.00025
220	0.0012	0.0031
240	0.011	0.022
260	0.068	0.11
280	0.31	0.37
300	1.10	0.99
320	3.3	2.1
340	8.2	3.7
360	18.4	5.3
380	37.2	6.0
400	69.0	4.2
420	119.4	4.4
440	195	20
460	303	49
480	451	101
500	649	190
520	907	337
540	1236	579
560	1652	969
580	2175	1603
587.9	2421	1964

**************************************************
Critical density (Liquid, Gas)

VDC	VDC uncertainty
kg/m3	kg/m3
238.0	6.6

**************************************************
Density (Liquid, Gas)

T	VDN	VDN uncertainty
K	kg/m3	kg/m3
180	808	18
180	808	18
200	794	13
220	780.0	8.7
240	765.5	5.7
260	750.6	3.3
280	735.4	1.6
300	719.8	1.3
320	703.8	2.4
340	687.4	3.7
360	670.4	5.0
380	652.8	6.2
400	634.5	7.1
420	615.3	7.8
440	595.2	8.1
460	573.8	8.1
480	550.8	7.9
500	525.6	8.2
520	497.3	9.3
540	464	12
560	422	15
580	354	16
587.9	238	18

**************************************************
Density (Gas, Liquid)

T	VDN	VDN uncertainty
K	kg/m3	kg/m3
471.908	14.90	0.37
480	17.48	0.44
490	21.19	0.53
500	25.57	0.64
510	30.75	0.77
520	36.90	0.92
530	44.3	1.1
540	53.2	1.3
550	64.3	1.6
560	78.5	2.0
570	98.2	2.4
580	130.0	3.2
587.9	238.0	5.9

**************************************************
Enthalpy of vaporization or sublimation (Liquid, Gas)

T	HVP	HVP uncertainty
K	kJ/mol	kJ/mol
255	46.8	6.0
260	46.5	5.5
280	45.2	3.8
300	43.9	2.7
320	42.6	2.1
340	41.2	1.8
360	39.8	1.7
380	38.3	1.6
400	36.7	1.5
420	35.0	1.5
440	33.2	1.6
460	31.3	1.7
480	29.3	1.8
500	27.0	1.7
520	24.4	1.6
540	21.3	1.9
560	17.3	3.5
580	10.6	6.9
587.9	0.0	0.0

**************************************************
Heat capacity at saturation pressure (Liquid, Gas)

T	CS	CS uncertainty
K	J/K/mol	J/K/mol
250	253	15
260	258	14
280	269	12
300	280	10
320	290.4	9.1
340	301.5	8.5
360	312.7	8.5
380	324.0	9.1
400	336	10
420	347	11
440	359	12
460	372	13
480	385	14
500	400	17
520	419	22
540	445	38
560	500	87
576.142	661	259

**************************************************
Heat capacity at constant pressure (Ideal gas)

T	CP	CP uncertainty
K	J/K/mol	J/K/mol
200	140.0	1.4
200	140.0	1.4
300	207.9	2.1
400	269.4	2.7
500	323.1	3.2
600	368.8	3.7
700	407.2	4.1
800	439.7	4.4
900	467.3	4.7
1000	491.1	4.9
1100	511.7	5.1
1200	529.9	5.3
1300	545.9	5.5
1400	560.3	5.6
1500	573.3	5.7

**************************************************
Enthalpy (Liquid, Gas)

T	H	H uncertainty
K	kJ/mol	kJ/mol
250	-12.80	0.78
260	-10.24	0.56
280	-4.97	0.22
300	0.516	0.019
320	6.22	0.20
340	12.13	0.34
360	18.28	0.50
380	24.64	0.69
400	31.24	0.93
420	38.1	1.2
440	45.1	1.5
460	52.4	1.9
480	60.0	2.2
500	67.9	2.8
520	76.0	4.1
540	84.6	7.3
560	94	16
576.142	103	40

**************************************************
Enthalpy (Ideal gas)

T	H	H uncertainty
K	kJ/mol	kJ/mol
200	20.37	0.20
200	20.37	0.20
300	37.82	0.38
400	61.75	0.62
500	91.45	0.91
600	126.1	1.3
700	165.0	1.6
800	207.3	2.1
900	252.7	2.5
1000	300.7	3.0
1100	350.8	3.5
1200	402.9	4.0
1300	456.8	4.6
1400	512.1	5.1
1500	568.8	5.7

**************************************************
Entropy (Liquid, Gas)

T	S	S uncertainty
K	J/K/mol	J/K/mol
250	336	16
260	346	15
280	366	14
300	385	13
320	403	14
340	421	14
360	439	15
380	456	15
400	473	16
420	489	16
440	506	17
460	522	18
480	538	19
500	554	20
520	570	23
540	586	31
560	603	51
576.142	619	106

**************************************************
Refractive index (Liquid, Gas)

WL	T	RIX	RIX uncertainty
nm	K		
589.26	293.138	1.40878	0.00026

**************************************************
Viscosity (Gas)

T	P	NVC	NVC uncertainty
K	kPa	Pa*s	Pa*s
420	101.325	8.1e-006	3.4e-006
420	101.325	8.1e-006	3.4e-006
440	101.325	8.4e-006	2.8e-006
460	101.325	8.8e-006	2.3e-006
480	101.325	9.2e-006	2.0e-006
500	101.325	9.6e-006	1.8e-006
520	101.325	1.0e-005	1.8e-006
540	101.325	1.03e-005	1.9e-006
560	101.325	1.07e-005	2.0e-006
580	101.325	1.11e-005	2.1e-006
600	101.325	1.14e-005	2.2e-006
620	101.325	1.18e-005	2.3e-006
640	101.325	1.22e-005	2.3e-006
660	101.325	1.25e-005	2.3e-006
680	101.325	1.29e-005	2.3e-006
700	101.325	1.32e-005	2.3e-006
720	101.325	1.36e-005	2.3e-006
740	101.325	1.39e-005	2.3e-006
760	101.325	1.42e-005	2.4e-006
780	101.325	1.46e-005	2.6e-006
800	101.325	1.49e-005	2.9e-006
820	101.325	1.52e-005	3.4e-006
840	101.325	1.56e-005	4.0e-006
860	101.325	1.59e-005	4.7e-006
880	101.325	1.62e-005	5.5e-006

**************************************************
Viscosity (Liquid, Gas)

T	NVC	NVC uncertainty
K	Pa*s	Pa*s
270	0.00097	0.0012
280	0.00081	0.00064
300	0.00060	0.00032
320	0.00047	0.00024
340	0.00037	0.00017
360	0.00031	0.00012
380	0.000255	9.0e-005
400	0.000215	7.5e-005
420	0.000182	6.6e-005
440	0.000156	5.8e-005
460	0.000134	4.9e-005
480	0.000116	4.1e-005
500	0.000101	3.6e-005
520	8.9e-005	3.4e-005
540	7.8e-005	3.7e-005
560	6.9e-005	4.2e-005
580	6.1e-005	4.8e-005

**************************************************
Thermal conductivity (Gas)

T	P	NTC	NTC uncertainty
K	kPa	W/m/K	W/m/K
420	101.325	0.0234	0.0060
420	101.325	0.0234	0.0060
440	101.325	0.0256	0.0048
460	101.325	0.0279	0.0040
480	101.325	0.0302	0.0036
500	101.325	0.0324	0.0035
520	101.325	0.0347	0.0037
540	101.325	0.0371	0.0040
560	101.325	0.0394	0.0043
580	101.325	0.0418	0.0046
600	101.325	0.0442	0.0048
620	101.325	0.0466	0.0050
640	101.325	0.0490	0.0050
660	101.325	0.0515	0.0051
680	101.325	0.0540	0.0051
700	101.325	0.0564	0.0051
720	101.325	0.0590	0.0052
740	101.325	0.0615	0.0055
760	101.325	0.0641	0.0060
780	101.325	0.0666	0.0067
800	101.325	0.0692	0.0077
820	101.325	0.0719	0.0089
840	101.325	0.074	0.010
860	101.325	0.077	0.012
880	101.325	0.080	0.014

**************************************************
Thermal conductivity (Liquid, Gas)

T	NTC	NTC uncertainty
K	W/m/K	W/m/K
200	0.131	0.024
200	0.131	0.024
220	0.128	0.019
240	0.125	0.015
260	0.123	0.013
280	0.120	0.011
300	0.117	0.010
320	0.113	0.010
340	0.110	0.011
360	0.106	0.011
380	0.102	0.011
400	0.098	0.010
420	0.0940	0.0095
440	0.0897	0.0088
460	0.0852	0.0086
480	0.0805	0.0095
500	0.076	0.012
520	0.071	0.016




Alternative equations 



Multi-property models 

