2,5-dimethyloctane
Alternative names:
2,5-dimethyloctane
octane, 2,5-dimethyl-
C10H22
Molecular mass:	142.286
DIPPR family:	DA (DIMETHYLALKANES)
DIPPR subgroup:	none ()

Prediction report:

Joback: 4 CH3 4 CH2 2 CH

Marrero-Pardillo:
1 2: CH3 CH2
3 3: CH3 CH
2 29: CH2 CH2
3 30: CH2 CH

Constantinou-Gani:
(1 order)
4 CH3
4 CH2
2 CH
1
(2 order)

UNIFAC:  4 1 4 2 2 3

NIST-KT-UNIFAC:  4 1 4 2 2 3

Wilson-Jasperson: 10 C 22 H
Symmetry number used for S prediction: 81
Benson S(gas, 298.15): 535.175J/K/mol
Experimental data file:	

SINGLE-VALUE PROPERTIES

Predicted enthalpy of formation (G):	-260.1	(6.9) kJ/mol
Predicted enthalpy of formation (L):	-307.1	(7.6) kJ/mol

Benson contributions (gas, liq)
CH2-C2	-23.1	-27.23
CH-C3	-10.5	-10.37
CH2-C2	-23.1	-27.23
CH3-C	-41.8	-48.5
CH2-C2	-23.1	-27.23
CH2-C2	-23.1	-27.23
CH-C3	-10.5	-10.37
CH3-C	-41.8	-48.5
CH3-C	-41.8	-48.5
CH3-C	-41.8	-48.5

Ring corrections (gas, liq)

Interaction corrections (gas, liq)
8	C-X-X-C	2.56	2.01

Acentric factor:	0.436462
Normal boiling point:	429.837	(0.865701) K
Critical compressibility:	0.260271 (0.00757991)

DEFAULT EQUATIONS

Phase boundary pressure (Liquid, Gas)
Equation:	Wagner25
Validity range
Temperature:	190 to 600.4	K
Constants:		600.4
Parameters:
 7.67396
 -8.30338
 2.26242
 -3.79445
 -3.70165
Covariance matrix
0.242821	-2.09717	2.73432	0	0
-2.09717	22.6995	-31.7763	0	0
2.73432	-31.7763	45.5283	0	0
0	0	0	0	0
0	0	0	0	0
**************************************************
Density (Liquid, Gas)
Equation:	VDNSExpansion
Validity range
Temperature:	190 to 600.4	K
Constants:	 600.4
Parameters:
 235.615
 558.148
 -50.0552
 467.366
 -320.654
Covariance matrix
1181.39	-4402.88	8529.16	-11354.7	6786.39
-4402.88	149324	-586286	1.10748e+006	-773104
8529.16	-586286	2.45508e+006	-4.83155e+006	3.45955e+006
-11354.7	1.10748e+006	-4.83155e+006	9.85854e+006	-7.25862e+006
6786.39	-773104	3.45955e+006	-7.25862e+006	5.47981e+006
**************************************************
Density (Gas, Liquid)
Equation:	VDNSExpansion
Validity range
Temperature:	481.92 to 600.4	K
Constants:	 600.4
Parameters:
 235.615
 -511.43
 341.171
 17.4228
**************************************************
Enthalpy of vaporization or sublimation (Liquid, Gas)
Equation:	Watson
Validity range
Temperature:	255 to 600.4	K
Constants:		600.4
Parameters:
 4.10019
 0.18945
 0.506166
 -0.303444
Covariance matrix
2.69448	9.87872	-0.0250138	1.64122e-005
9.87872	36.8129	-0.0943672	6.3061e-005
-0.0250138	-0.0943672	0.000244254	-1.65569e-007
1.64122e-005	6.3061e-005	-1.65569e-007	1.1457e-010
**************************************************
Heat capacity at saturation pressure (Liquid, Gas)
Heat capacity and derived properties (through integration) for Liquid
Equation:	CSExpansion
Validity range
Temperature:	250 to 588.392	K
Constants:		600.4
Parameters:
 5.50115
 157.534
 0.272544
 0.000949214
 -1.01869e-006
Covariance matrix
44.7245	192.561	-0.903335	0	0
192.561	2522.24	-8.27288	0	0
-0.903335	-8.27288	0.0301225	0	0
0	0	0	0	0
0	0	0	0	0
**************************************************
Heat capacity at constant pressure (Ideal gas)
Multi-property equation:	Wilhoit
Validity range
Temperature:	200 to 1500	K
Constants:		0	850.3	26.33	531.094
Parameters:
 4
 94.61
 556
 85.981
 26.224
 -36.31
 89
 187
**************************************************
Enthalpy (Liquid, Gas)
Heat capacity and derived properties (through integration) for Liquid
Equation:	CSExpansion
Validity range
Temperature:	250 to 588.392	K
Constants:		600.4	298.15	0	418.005
Parameters:
 5.50115
 157.534
 0.272544
 0.000949214
 -1.01869e-006
Covariance matrix
44.7245	192.561	-0.903335	0	0
192.561	2522.24	-8.27288	0	0
-0.903335	-8.27288	0.0301225	0	0
0	0	0	0	0
0	0	0	0	0
**************************************************
Enthalpy (Ideal gas)
Multi-property equation:	Wilhoit
Validity range
Temperature:	200 to 1500	K
Constants:		0	850.3	26.33	531.094
Parameters:
 4
 94.61
 556
 85.981
 26.224
 -36.31
 89
 187
**************************************************
Entropy (Ideal gas)
Multi-property equation:	Wilhoit
Validity range
Temperature:	200 to 1500	K
Constants:		0	850.3	26.33	531.094
Parameters:
 4
 94.61
 556
 85.981
 26.224
 -36.31
 89
 187
**************************************************
Entropy (Liquid, Gas)
Heat capacity and derived properties (through integration) for Liquid
Equation:	CSExpansion
Validity range
Temperature:	250 to 588.392	K
Constants:		600.4	298.15	0	418.005
Parameters:
 5.50115
 157.534
 0.272544
 0.000949214
 -1.01869e-006
Covariance matrix
44.7245	192.561	-0.903335	0	0
192.561	2522.24	-8.27288	0	0
-0.903335	-8.27288	0.0301225	0	0
0	0	0	0	0
0	0	0	0	0
**************************************************
Refractive index (Liquid, Gas)
Equation:	RIXExpansion
Validity range
Wavelength:	589.26 to 589.26	nm
Temperature:	293.138 to 298.136	K
Constants:		0
Parameters:
 1.40859
 -0.000620248
Covariance matrix
1.38465e-006	2.76741e-007
2.76741e-007	8.90415e-008
**************************************************
Viscosity (Gas)
Equation:	TransportPolynomial
Validity range
Temperature:	430 to 900	K
Pressure:	0 to 101.325	kPa
Constants:		600.4
Parameters:
 -7.5434e-007
 2.14602e-008
 -3.45373e-012
Covariance matrix
1.19836e-009	-3.83698e-012	2.93166e-015
-3.83698e-012	1.24142e-014	-9.57145e-018
2.93166e-015	-9.57145e-018	7.4483e-021
**************************************************
Viscosity (Liquid, Gas)
Equation:	ViscosityL
Validity range
Temperature:	270 to 600	K
Constants:		600.4
Parameters:
 -15.5151
 5355.75
 -1.37275e+006
 1.52903e+008
Covariance matrix
699.363	-836432	3.23238e+008	-4.04119e+010
-836432	1.00567e+009	-3.90602e+011	4.90592e+013
3.23238e+008	-3.90602e+011	1.5247e+014	-1.92406e+016
-4.04119e+010	4.90592e+013	-1.92406e+016	2.43924e+018
**************************************************
Thermal conductivity (Gas)
Equation:	TransportPolynomial
Validity range
Temperature:	430 to 900	K
Pressure:	0 to 0	kPa
Constants:		600.4
Parameters:
 -0.0184624
 8.80077e-005
 1.99408e-008
Covariance matrix
0.00518115	-1.70306e-005	1.33303e-008
-1.70306e-005	5.65209e-008	-4.4638e-011
1.33303e-008	-4.4638e-011	3.56035e-014
**************************************************
Thermal conductivity (Liquid, Gas)
Equation:	TransportPolynomial
Validity range
Temperature:	200 to 540	K
Constants:		600.4
Parameters:
 0.146467
 -2.78283e-005
 -2.16585e-007
Covariance matrix
0.0122459	-6.55027e-005	8.23428e-008
-6.55027e-005	3.59157e-007	-4.59265e-010
8.23428e-008	-4.59265e-010	5.95259e-013
**************************************************

Recommended values

**************************************************
Normal boiling temperature (Liquid, Gas)

TBN	TBN uncertainty
K	K
429.8	4.1

**************************************************
Critical temperature (Liquid, Gas)

TC	TC uncertainty
K	K
600.4	8.4

**************************************************
Critical pressure (Liquid, Gas)

PC	PC uncertainty
kPa	kPa
2152	1060

**************************************************
Boiling temperature (Liquid, Gas)

P	TB	TB uncertainty
kPa	K	K
3.37744e-006	190.0	7.0
100	429.3	4.1
200	458.2	4.9
300	477.3	6.0
400	492.0	7.1
500	504.1	8.4
600	514.6	9.6
700	524	11
800	532	12
900	539	14
1000	546	15
1100	553	16
1200	558	18
1300	564	19
1400	569	20
1500	574	22
1600	579	23
1700	583	24
1800	587	26
1900	591	27
2000	595	28
2100	599	29
2151.58	600	29

**************************************************
Phase boundary pressure (Liquid, Gas)

T	P	P uncertainty
K	kPa	kPa
190	3.4e-006	8.9e-006
200	1.9e-005	4.5e-005
220	0.00037	0.00068
240	0.0039	0.0057
260	0.028	0.031
280	0.14	0.12
300	0.54	0.36
320	1.71	0.86
340	4.6	1.7
360	10.8	2.9
380	22.8	4.4
400	43.8	6.2
420	78.2	9.1
440	131	14
460	208	24
480	317	41
500	464	72
520	658	125
540	909	217
560	1227	370
580	1629	623
600	2140	1049
600.4	2152	1060

**************************************************
Critical density (Liquid, Gas)

VDC	VDC uncertainty
kg/m3	kg/m3
235.6	6.9

**************************************************
Density (Liquid, Gas)

T	VDN	VDN uncertainty
K	kg/m3	kg/m3
190	806	40
200	799	33
220	786	22
240	771	14
260	756.6	8.4
280	741.3	4.1
300	725.4	2.7
320	709.1	5.5
340	692.3	9.0
360	675	12
380	657	16
400	639	18
420	620	20
440	601	21
460	581	22
480	560	23
500	537	26
520	513	32
540	485	42
560	451	45
580	405	41
600	279	28
600.4	236	24

**************************************************
Density (Gas, Liquid)

T	VDN	VDN uncertainty
K	kg/m3	kg/m3
481.92	13.81	0.34
490	16.21	0.39
500	19.67	0.48
510	23.75	0.58
520	28.58	0.69
530	34.32	0.83
540	41.2	1.0
550	49.5	1.2
560	59.8	1.5
570	72.9	1.8
580	90.7	2.2
590	117.9	2.9
600	196.3	4.8
600.4	235.6	5.7

**************************************************
Enthalpy of vaporization or sublimation (Liquid, Gas)

T	HVP	HVP uncertainty
K	kJ/mol	kJ/mol
255	49.7	6.5
260	49.4	5.9
280	48.2	4.1
300	46.8	3.0
320	45.4	2.4
340	44.0	2.3
360	42.5	2.2
380	40.9	2.2
400	39.3	2.0
420	37.5	1.9
440	35.7	1.8
460	33.8	1.7
480	31.7	1.8
500	29.5	1.8
520	27.0	1.7
540	24.1	1.6
560	20.6	2.1
580	15.9	4.1
600	3.4	6.5
600.4	0.0	0.0

**************************************************
Heat capacity at saturation pressure (Liquid, Gas)

T	CS	CS uncertainty
K	J/K/mol	J/K/mol
250	279	17
260	284	16
280	296	13
300	308	12
320	320	10
340	332.6	9.4
360	344.9	9.3
380	357.3	9.8
400	370	11
420	382	12
440	395	13
460	408	14
480	422	15
500	437	17
520	454	20
540	476	30
560	511	57
580	598	149
588.392	714	285

**************************************************
Heat capacity at constant pressure (Ideal gas)

T	CP	CP uncertainty
K	J/K/mol	J/K/mol
200	156.7	1.6
200	156.7	1.6
300	231.8	2.3
400	300.3	3.0
500	359.6	3.6
600	409.8	4.1
700	451.6	4.5
800	486.7	4.9
900	516.4	5.2
1000	541.9	5.4
1100	564.1	5.6
1200	583.7	5.8
1300	601.1	6.0
1400	616.8	6.2
1500	630.9	6.3

**************************************************
Enthalpy (Liquid, Gas)

T	H	H uncertainty
K	kJ/mol	kJ/mol
250	-14.09	0.86
260	-11.28	0.62
280	-5.47	0.25
300	0.569	0.021
320	6.85	0.22
340	13.38	0.38
360	20.16	0.54
380	27.18	0.74
400	34.45	0.99
420	42.0	1.3
440	49.7	1.6
460	57.8	2.0
480	66.1	2.4
500	74.7	2.9
520	83.6	3.8
540	92.8	5.9
560	103	11
580	114	28
588.392	119	47

**************************************************
Enthalpy (Ideal gas)

T	H	H uncertainty
K	kJ/mol	kJ/mol
200	22.51	0.23
200	22.51	0.23
300	41.92	0.42
400	68.60	0.69
500	101.7	1.0
600	140.2	1.4
700	183.3	1.8
800	230.3	2.3
900	280.5	2.8
1000	333.5	3.3
1100	388.8	3.9
1200	446.2	4.5
1300	505.4	5.1
1400	566.3	5.7
1500	628.7	6.3

**************************************************
Entropy (Liquid, Gas)

T	S	S uncertainty
K	J/K/mol	J/K/mol
250	367	16
260	378	15
280	399	14
300	420	13
320	440	14
340	460	14
360	479	15
380	498	15
400	517	16
420	535	16
440	553	17
460	571	18
480	589	19
500	606	20
520	624	22
540	641	27
560	659	40
580	678	78
588.392	688	120

**************************************************
Refractive index (Liquid, Gas)

WL	T	RIX	RIX uncertainty
nm	K		
589.26	293.138	1.41170	0.00092
589.26	293.2	1.41166	0.00091
589.26	293.4	1.41154	0.00087
589.26	293.6	1.41141	0.00084
589.26	293.8	1.41129	0.00081
589.26	294	1.41117	0.00079
589.26	294.2	1.41104	0.00077
589.26	294.4	1.41092	0.00075
589.26	294.6	1.41079	0.00074
589.26	294.8	1.41067	0.00073
589.26	295	1.41055	0.00072
589.26	295.2	1.41042	0.00073
589.26	295.4	1.41030	0.00073
589.26	295.6	1.41017	0.00074
589.26	295.8	1.41005	0.00076
589.26	296	1.40992	0.00078
589.26	296.2	1.40980	0.00080
589.26	296.4	1.40968	0.00083
589.26	296.6	1.40955	0.00086
589.26	296.8	1.40943	0.00089
589.26	297	1.40930	0.00093
589.26	297.2	1.40918	0.00097
589.26	297.4	1.4091	0.0010
589.26	297.6	1.4089	0.0011
589.26	297.8	1.4088	0.0011
589.26	298	1.4087	0.0011
589.26	298.136	1.4086	0.0012

**************************************************
Viscosity (Gas)

T	P	NVC	NVC uncertainty
K	kPa	Pa*s	Pa*s
430	101.325	7.8e-006	3.3e-006
440	101.325	8.0e-006	3.0e-006
460	101.325	8.4e-006	2.5e-006
480	101.325	8.8e-006	2.1e-006
500	101.325	9.1e-006	1.9e-006
520	101.325	9.5e-006	1.8e-006
540	101.325	9.8e-006	1.8e-006
560	101.325	1.02e-005	1.9e-006
580	101.325	1.05e-005	2.0e-006
600	101.325	1.09e-005	2.1e-006
620	101.325	1.12e-005	2.2e-006
640	101.325	1.16e-005	2.2e-006
660	101.325	1.19e-005	2.2e-006
680	101.325	1.22e-005	2.2e-006
700	101.325	1.26e-005	2.2e-006
720	101.325	1.29e-005	2.2e-006
740	101.325	1.32e-005	2.2e-006
760	101.325	1.36e-005	2.2e-006
780	101.325	1.39e-005	2.3e-006
800	101.325	1.42e-005	2.5e-006
820	101.325	1.45e-005	2.9e-006
840	101.325	1.48e-005	3.3e-006
860	101.325	1.51e-005	3.9e-006
880	101.325	1.55e-005	4.6e-006
900	101.325	1.58e-005	5.3e-006

**************************************************
Viscosity (Liquid, Gas)

T	NVC	NVC uncertainty
K	Pa*s	Pa*s
270	0.0012	0.0016
280	0.00098	0.00085
300	0.00071	0.00041
320	0.00054	0.00030
340	0.00043	0.00021
360	0.00035	0.00015
380	0.00029	0.00011
400	0.000244	8.8e-005
420	0.000207	7.7e-005
440	0.000177	6.7e-005
460	0.000152	5.8e-005
480	0.000132	4.9e-005
500	0.000115	4.1e-005
520	0.000101	3.7e-005
540	8.8e-005	3.6e-005
560	7.8e-005	3.9e-005
580	6.9e-005	4.4e-005
600	6.2e-005	5.0e-005

**************************************************
Thermal conductivity (Gas)

T	P	NTC	NTC uncertainty
K	kPa	W/m/K	W/m/K
430	101.325	0.0231	0.0059
440	101.325	0.0241	0.0053
460	101.325	0.0262	0.0043
480	101.325	0.0284	0.0037
500	101.325	0.0305	0.0034
520	101.325	0.0327	0.0034
540	101.325	0.0349	0.0037
560	101.325	0.0371	0.0040
580	101.325	0.0393	0.0043
600	101.325	0.0415	0.0045
620	101.325	0.0438	0.0047
640	101.325	0.0460	0.0048
660	101.325	0.0483	0.0049
680	101.325	0.0506	0.0049
700	101.325	0.0529	0.0049
720	101.325	0.0552	0.0049
740	101.325	0.0576	0.0051
760	101.325	0.0599	0.0053
780	101.325	0.0623	0.0058
800	101.325	0.0647	0.0065
820	101.325	0.0671	0.0074
840	101.325	0.0695	0.0086
860	101.325	0.072	0.010
880	101.325	0.074	0.012
900	101.325	0.077	0.013

**************************************************
Thermal conductivity (Liquid, Gas)

T	NTC	NTC uncertainty
K	W/m/K	W/m/K
200	0.132	0.025
200	0.132	0.025
220	0.130	0.020
240	0.127	0.016
260	0.125	0.013
280	0.122	0.011
300	0.119	0.011
320	0.115	0.010
340	0.112	0.011
360	0.108	0.011
380	0.105	0.011
400	0.101	0.011
420	0.0966	0.0100
440	0.0923	0.0093
460	0.0878	0.0086
480	0.0832	0.0086
500	0.0784	0.0095
520	0.073	0.012
540	0.068	0.015




Alternative equations 



Multi-property models 

