2,5-dimethylheptane
Alternative names:
heptane, 2,5-dimethyl-
2,5-dimethylheptane
3,6-dimethylheptane
C9H20
Molecular mass:	128.259
DIPPR family:	DA (DIMETHYLALKANES)
DIPPR subgroup:	none ()

Prediction report:

Joback: 4 CH3 3 CH2 2 CH

Marrero-Pardillo:
1 2: CH3 CH2
3 3: CH3 CH
1 29: CH2 CH2
3 30: CH2 CH

Constantinou-Gani:
(1 order)
4 CH3
3 CH2
2 CH
1
(2 order)

UNIFAC:  4 1 3 2 2 3

NIST-KT-UNIFAC:  4 1 3 2 2 3

Wilson-Jasperson: 9 C 20 H
Symmetry number used for S prediction: 81
Benson S(gas, 298.15): 495.745J/K/mol
Experimental data file:	

SINGLE-VALUE PROPERTIES

Predicted enthalpy of formation (G):	-239.6	(6.3) kJ/mol
Predicted enthalpy of formation (L):	-281.9	(6.8) kJ/mol

Benson contributions (gas, liq)
CH3-C	-41.8	-48.5
CH-C3	-10.5	-10.37
CH2-C2	-23.1	-27.23
CH2-C2	-23.1	-27.23
CH-C3	-10.5	-10.37
CH2-C2	-23.1	-27.23
CH3-C	-41.8	-48.5
CH3-C	-41.8	-48.5
CH3-C	-41.8	-48.5

Ring corrections (gas, liq)

Interaction corrections (gas, liq)
7	C-X-X-C	2.56	2.01

Acentric factor:	0.386617
Normal boiling point:	408.016	(2.02395) K
Critical compressibility:	0.268136 (0.00753526)

DEFAULT EQUATIONS

Phase boundary pressure (Liquid, Gas)
Equation:	Wagner25
Validity range
Temperature:	180 to 580.7	K
Constants:		580.7
Parameters:
 7.77037
 -8.34692
 2.79343
 -3.66357
 -3.82601
Covariance matrix
0.244607	-1.97494	2.55224	0	0
-1.97494	20.6016	-29.0517	0	0
2.55224	-29.0517	41.9985	0	0
0	0	0	0	0
0	0	0	0	0
**************************************************
Density (Liquid, Gas)
Equation:	VDNSExpansion
Validity range
Temperature:	180 to 580.7	K
Constants:	 580.7
Parameters:
 234.725
 498.602
 217.418
 -91.5678
 56.1974
Covariance matrix
853.734	-3291.29	6670.99	-9273.33	5688.96
-3291.29	67023.7	-259505	497783	-351675
6670.99	-259505	1.09962e+006	-2.21862e+006	1.61305e+006
-9273.33	497783	-2.21862e+006	4.65585e+006	-3.48445e+006
5688.96	-351675	1.61305e+006	-3.48445e+006	2.67614e+006
**************************************************
Density (Gas, Liquid)
Equation:	VDNSExpansion
Validity range
Temperature:	466.141 to 580.7	K
Constants:	 580.7
Parameters:
 234.725
 -504.07
 331.094
 11.7121
**************************************************
Enthalpy of vaporization or sublimation (Liquid, Gas)
Equation:	Watson
Validity range
Temperature:	255 to 580.7	K
Constants:		580.7
Parameters:
 4.09717
 0.486817
 0.102817
 -0.193146
Covariance matrix
2.70034	9.80328	-0.0256028	1.73417e-005
9.80328	36.1832	-0.0956877	6.60328e-005
-0.0256028	-0.0956877	0.000255519	-1.78871e-007
1.73417e-005	6.60328e-005	-1.78871e-007	1.27824e-010
**************************************************
Heat capacity at saturation pressure (Liquid, Gas)
Heat capacity and derived properties (through integration) for Liquid
Equation:	CSExpansion
Validity range
Temperature:	250 to 569.086	K
Constants:		580.7
Parameters:
 5.32829
 152.586
 0.143696
 0.00113137
 -1.1581e-006
Covariance matrix
37.4207	172.13	-0.807481	0	0
172.13	2289.29	-7.68963	0	0
-0.807481	-7.68963	0.0284288	0	0
0	0	0	0	0
0	0	0	0	0
**************************************************
Heat capacity at constant pressure (Ideal gas)
Multi-property equation:	Wilhoit
Validity range
Temperature:	200 to 1500	K
Constants:		0	691.6	23.49	493.84
Parameters:
 4
 11.08
 423
 78.938
 23.07
 -59.55
 271
 40
**************************************************
Enthalpy (Liquid, Gas)
Heat capacity and derived properties (through integration) for Liquid
Equation:	CSExpansion
Validity range
Temperature:	250 to 569.086	K
Constants:		580.7	298.15	0	387.502
Parameters:
 5.32829
 152.586
 0.143696
 0.00113137
 -1.1581e-006
Covariance matrix
37.4207	172.13	-0.807481	0	0
172.13	2289.29	-7.68963	0	0
-0.807481	-7.68963	0.0284288	0	0
0	0	0	0	0
0	0	0	0	0
**************************************************
Enthalpy (Ideal gas)
Multi-property equation:	Wilhoit
Validity range
Temperature:	200 to 1500	K
Constants:		0	691.6	23.49	493.84
Parameters:
 4
 11.08
 423
 78.938
 23.07
 -59.55
 271
 40
**************************************************
Entropy (Ideal gas)
Multi-property equation:	Wilhoit
Validity range
Temperature:	200 to 1500	K
Constants:		0	691.6	23.49	493.84
Parameters:
 4
 11.08
 423
 78.938
 23.07
 -59.55
 271
 40
**************************************************
Entropy (Liquid, Gas)
Heat capacity and derived properties (through integration) for Liquid
Equation:	CSExpansion
Validity range
Temperature:	250 to 569.086	K
Constants:		580.7	298.15	0	387.502
Parameters:
 5.32829
 152.586
 0.143696
 0.00113137
 -1.1581e-006
Covariance matrix
37.4207	172.13	-0.807481	0	0
172.13	2289.29	-7.68963	0	0
-0.807481	-7.68963	0.0284288	0	0
0	0	0	0	0
0	0	0	0	0
**************************************************
Refractive index (Liquid, Gas)
Equation:	RIXExpansion
Validity range
Wavelength:	589.26 to 589.26	nm
Temperature:	293.138 to 298.136	K
Constants:		0
Parameters:
 1.40156
 -0.000493456
Covariance matrix
3.39349e-007	6.95057e-008
6.95057e-008	1.96636e-008
**************************************************
Viscosity (Gas)
Equation:	TransportPolynomial
Validity range
Temperature:	410 to 870	K
Pressure:	0 to 101.325	kPa
Constants:		580.7
Parameters:
 -7.59461e-007
 2.25635e-008
 -3.73909e-012
Covariance matrix
1.15685e-009	-3.85799e-012	3.06479e-015
-3.85799e-012	1.30066e-014	-1.04299e-017
3.06479e-015	-1.04299e-017	8.44446e-021
**************************************************
Viscosity (Liquid, Gas)
Equation:	ViscosityL
Validity range
Temperature:	270 to 580	K
Constants:		580.7
Parameters:
 -15.2435
 4835.86
 -1.16347e+006
 1.23635e+008
Covariance matrix
822.803	-965170	3.66699e+008	-4.51804e+010
-965170	1.13769e+009	-4.34253e+011	5.37313e+013
3.66699e+008	-4.34253e+011	1.66514e+014	-2.06927e+016
-4.51804e+010	5.37313e+013	-2.06927e+016	2.58236e+018
**************************************************
Thermal conductivity (Gas)
Equation:	TransportPolynomial
Validity range
Temperature:	410 to 870	K
Pressure:	0 to 0	kPa
Constants:		580.7
Parameters:
 -0.0179339
 8.74644e-005
 2.76867e-008
Covariance matrix
0.00496234	-1.70288e-005	1.38887e-008
-1.70288e-005	5.90206e-008	-4.85856e-011
1.38887e-008	-4.85856e-011	4.04108e-014
**************************************************
Thermal conductivity (Liquid, Gas)
Equation:	TransportPolynomial
Validity range
Temperature:	200 to 520	K
Constants:		580.7
Parameters:
 0.144261
 -2.60643e-005
 -2.29665e-007
Covariance matrix
0.0137433	-7.56622e-005	9.81934e-008
-7.56622e-005	4.26117e-007	-5.61875e-010
9.81934e-008	-5.61875e-010	7.50386e-013
**************************************************

Recommended values

**************************************************
Normal boiling temperature (Liquid, Gas)

TBN	TBN uncertainty
K	K
408.0	1.9

**************************************************
Critical temperature (Liquid, Gas)

TC	TC uncertainty
K	K
580.7	8.4

**************************************************
Critical pressure (Liquid, Gas)

PC	PC uncertainty
kPa	kPa
2369	1172

**************************************************
Boiling temperature (Liquid, Gas)

P	TB	TB uncertainty
kPa	K	K
4.78111e-006	180.0	6.9
100	407.5	1.9
200	435.6	3.4
300	454.3	5.0
400	468.6	6.5
500	480.4	7.9
600	490.5	9.2
700	499	11
800	507	12
900	515	13
1000	521	14
1100	527	15
1200	533	17
1300	539	18
1400	544	19
1500	548	20
1600	553	21
1700	557	22
1800	561	23
1900	565	24
2000	569	25
2100	572	26
2200	575	27
2300	579	28
2369.35	581	28

**************************************************
Phase boundary pressure (Liquid, Gas)

T	P	P uncertainty
K	kPa	kPa
180	4.8e-006	1.3e-005
180	4.8e-006	1.3e-005
200	0.00014	0.00030
220	0.0021	0.0034
240	0.018	0.023
260	0.10	0.10
280	0.45	0.34
300	1.54	0.86
320	4.4	1.8
340	10.6	2.9
360	23.0	4.1
380	45.0	4.7
400	81.5	4.8
420	137.9	8.2
440	221	19
460	337	41
480	496	77
500	707	139
520	979	241
540	1329	410
560	1773	685
580	2346	1149
580.7	2369	1172

**************************************************
Critical density (Liquid, Gas)

VDC	VDC uncertainty
kg/m3	kg/m3
234.7	6.6

**************************************************
Density (Liquid, Gas)

T	VDN	VDN uncertainty
K	kg/m3	kg/m3
180	797	32
180	797	32
200	784	22
220	770	15
240	755.8	9.7
260	741.4	5.6
280	726.6	2.5
300	711.4	2.2
320	695.7	4.7
340	679.5	7.6
360	663	10
380	645	13
400	627	14
420	607	15
440	586	16
460	564	16
480	540	17
500	513	20
520	483	25
540	446	33
560	398	40
580	282	28
580.7	235	23

**************************************************
Density (Gas, Liquid)

T	VDN	VDN uncertainty
K	kg/m3	kg/m3
466.141	14.89	0.37
470	16.07	0.39
480	19.49	0.48
490	23.53	0.58
500	28.32	0.69
510	33.99	0.83
520	40.8	1.0
530	49.0	1.2
540	59.2	1.5
550	72.1	1.8
560	89.6	2.2
570	116.3	2.9
580	187.2	4.6
580.7	234.7	5.8

**************************************************
Enthalpy of vaporization or sublimation (Liquid, Gas)

T	HVP	HVP uncertainty
K	kJ/mol	kJ/mol
255	45.2	5.5
260	44.9	5.0
280	43.5	3.4
300	42.2	2.4
320	40.8	1.9
340	39.4	1.7
360	38.0	1.7
380	36.5	1.6
400	34.9	1.5
420	33.3	1.4
440	31.6	1.5
460	29.8	1.6
480	27.8	1.6
500	25.6	1.6
520	23.1	1.5
540	19.9	1.9
560	15.5	3.9
580	4.2	6.9
580.7	0.0	0.0

**************************************************
Heat capacity at saturation pressure (Liquid, Gas)

T	CS	CS uncertainty
K	J/K/mol	J/K/mol
250	250	15
260	256	14
280	266	12
300	277	10
320	288.3	9.0
340	299.6	8.4
360	310.9	8.5
380	322.4	9.2
400	334	10
420	346	11
440	358	12
460	371	13
480	385	15
500	401	18
520	421	26
540	454	49
560	534	128
569.086	654	260

**************************************************
Heat capacity at constant pressure (Ideal gas)

T	CP	CP uncertainty
K	J/K/mol	J/K/mol
200	140.2	1.4
300	208.2	2.1
400	269.7	2.7
500	323.3	3.2
600	368.9	3.7
700	407.3	4.1
800	439.7	4.4
900	467.3	4.7
1000	491.0	4.9
1100	511.5	5.1
1200	529.6	5.3
1300	545.6	5.5
1400	560.0	5.6
1500	572.9	5.7

**************************************************
Enthalpy (Liquid, Gas)

T	H	H uncertainty
K	kJ/mol	kJ/mol
250	-12.68	0.77
270	-7.56	0.38
290	-2.233	0.091
310	3.31	0.11
330	9.08	0.27
350	15.07	0.41
370	21.29	0.59
390	27.74	0.81
410	34.4	1.1
430	41.3	1.4
450	48.5	1.7
470	55.9	2.1
490	63.6	2.6
510	71.6	3.6
530	80.1	6.3
550	89	14
569.086	1.0e+002	40

**************************************************
Enthalpy (Ideal gas)

T	H	H uncertainty
K	kJ/mol	kJ/mol
200	20.06	0.20
200	20.06	0.20
300	37.53	0.38
400	61.49	0.61
500	91.21	0.91
600	125.9	1.3
700	164.8	1.6
800	207.1	2.1
900	252.5	2.5
1000	300.5	3.0
1100	350.6	3.5
1200	402.7	4.0
1300	456.5	4.6
1400	511.8	5.1
1500	568.4	5.7

**************************************************
Entropy (Liquid, Gas)

T	S	S uncertainty
K	J/K/mol	J/K/mol
250	341	14
260	351	13
280	370	12
300	389	11
320	407	11
340	425	12
360	443	12
380	460	13
400	477	13
420	493	14
440	510	15
460	526	16
480	542	17
500	558	18
520	574	22
540	590	32
560	608	64
569.086	618	102

**************************************************
Refractive index (Liquid, Gas)

WL	T	RIX	RIX uncertainty
nm	K		
589.26	293.138	1.40403	0.00037
589.26	293.2	1.40400	0.00036
589.26	293.4	1.40391	0.00035
589.26	293.6	1.40381	0.00034
589.26	293.8	1.40371	0.00033
589.26	294	1.40361	0.00032
589.26	294.2	1.40351	0.00031
589.26	294.4	1.40341	0.00031
589.26	294.6	1.40331	0.00031
589.26	294.8	1.40321	0.00031
589.26	295	1.40312	0.00031
589.26	295.2	1.40302	0.00032
589.26	295.4	1.40292	0.00033
589.26	295.6	1.40282	0.00034
589.26	295.8	1.40272	0.00035
589.26	296	1.40262	0.00036
589.26	296.2	1.40252	0.00038
589.26	296.4	1.40243	0.00040
589.26	296.6	1.40233	0.00041
589.26	296.8	1.40223	0.00043
589.26	297	1.40213	0.00045
589.26	297.2	1.40203	0.00047
589.26	297.4	1.40193	0.00050
589.26	297.6	1.40183	0.00052
589.26	297.8	1.40173	0.00054
589.26	298	1.40164	0.00056
589.26	298.136	1.40157	0.00058

**************************************************
Viscosity (Gas)

T	P	NVC	NVC uncertainty
K	kPa	Pa*s	Pa*s
410	101.325	7.9e-006	3.3e-006
420	101.325	8.1e-006	3.0e-006
440	101.325	8.4e-006	2.5e-006
460	101.325	8.8e-006	2.1e-006
480	101.325	9.2e-006	1.9e-006
500	101.325	9.6e-006	1.8e-006
520	101.325	1.0e-005	1.8e-006
540	101.325	1.03e-005	1.9e-006
560	101.325	1.07e-005	2.0e-006
580	101.325	1.11e-005	2.1e-006
600	101.325	1.14e-005	2.2e-006
620	101.325	1.18e-005	2.3e-006
640	101.325	1.21e-005	2.3e-006
660	101.325	1.25e-005	2.3e-006
680	101.325	1.29e-005	2.3e-006
700	101.325	1.32e-005	2.2e-006
720	101.325	1.35e-005	2.2e-006
740	101.325	1.39e-005	2.3e-006
760	101.325	1.42e-005	2.5e-006
780	101.325	1.46e-005	2.7e-006
800	101.325	1.49e-005	3.1e-006
820	101.325	1.52e-005	3.7e-006
840	101.325	1.56e-005	4.3e-006
860	101.325	1.59e-005	5.0e-006
870	101.325	1.60e-005	5.4e-006

**************************************************
Viscosity (Liquid, Gas)

T	NVC	NVC uncertainty
K	Pa*s	Pa*s
270	0.00090	0.0011
280	0.00076	0.00059
300	0.00057	0.00030
320	0.00044	0.00022
340	0.00036	0.00016
360	0.00029	0.00011
380	0.000243	8.6e-005
400	0.000205	7.2e-005
420	0.000174	6.3e-005
440	0.000149	5.6e-005
460	0.000129	4.7e-005
480	0.000112	4.0e-005
500	9.7e-005	3.5e-005
520	8.5e-005	3.4e-005
540	7.5e-005	3.6e-005
560	6.7e-005	4.2e-005
580	5.9e-005	4.7e-005

**************************************************
Thermal conductivity (Gas)

T	P	NTC	NTC uncertainty
K	kPa	W/m/K	W/m/K
410	101.325	0.0226	0.0059
420	101.325	0.0237	0.0052
440	101.325	0.0259	0.0043
460	101.325	0.0282	0.0037
480	101.325	0.0304	0.0034
500	101.325	0.0327	0.0035
520	101.325	0.0350	0.0038
540	101.325	0.0374	0.0041
560	101.325	0.0397	0.0044
580	101.325	0.0421	0.0046
600	101.325	0.0445	0.0048
620	101.325	0.0469	0.0049
640	101.325	0.0494	0.0050
660	101.325	0.0519	0.0050
680	101.325	0.0543	0.0050
700	101.325	0.0569	0.0051
720	101.325	0.0594	0.0053
740	101.325	0.0620	0.0057
760	101.325	0.0645	0.0063
780	101.325	0.0671	0.0071
800	101.325	0.0698	0.0082
820	101.325	0.0724	0.0096
840	101.325	0.075	0.011
860	101.325	0.078	0.013
870	101.325	0.079	0.014

**************************************************
Thermal conductivity (Liquid, Gas)

T	NTC	NTC uncertainty
K	W/m/K	W/m/K
200	0.130	0.024
200	0.130	0.024
220	0.127	0.019
240	0.125	0.015
260	0.122	0.013
280	0.119	0.011
300	0.116	0.010
320	0.112	0.010
340	0.109	0.011
360	0.105	0.011
380	0.101	0.011
400	0.097	0.010
420	0.0928	0.0095
440	0.0883	0.0088
460	0.0837	0.0085
480	0.0788	0.0094
500	0.074	0.012
520	0.069	0.015




Alternative equations 



Multi-property models 

