2-methylnonane
Alternative names:
2-methylnonane
nonane, 2-methyl-
C10H22
Molecular mass:	142.286
DIPPR family:	MA (METHYLALKANES)
DIPPR subgroup:	maa (2-methylalkanes)

Prediction report:

Joback: 3 CH3 6 CH2 1 CH

Marrero-Pardillo:
1 2: CH3 CH2
2 3: CH3 CH
5 29: CH2 CH2
1 30: CH2 CH

Constantinou-Gani:
(1 order)
3 CH3
6 CH2
1 CH
1
(2 order)

UNIFAC:  3 1 6 2 1 3

NIST-KT-UNIFAC:  3 1 6 2 1 3

Wilson-Jasperson: 10 C 22 H
Symmetry number used for S prediction: 27
Benson S(gas, 298.15): 540.636J/K/mol
Experimental data file:	

SINGLE-VALUE PROPERTIES

Enthalpy of formation (G):	-259.7	(5.0) kJ/mol
Predicted enthalpy of formation (G):	-256.6	(6.7) kJ/mol
Enthalpy of formation (L):	-309.8	(4.8) kJ/mol
Predicted enthalpy of formation (L):	-306.6	(6.9) kJ/mol

Note: If experimental enthalpy of vaporization is available, predicted liquid-state enthalpy of formation is derived from the gas-state prediction

Benson contributions (gas, liq)
CH3-C	-41.8	-48.5
CH-C3	-10.5	-10.37
CH2-C2	-23.1	-27.23
CH2-C2	-23.1	-27.23
CH2-C2	-23.1	-27.23
CH2-C2	-23.1	-27.23
CH2-C2	-23.1	-27.23
CH2-C2	-23.1	-27.23
CH3-C	-41.8	-48.5
CH3-C	-41.8	-48.5

Ring corrections (gas, liq)

Interaction corrections (gas, liq)
7	C-X-X-C	2.56	2.01

Acentric factor:	0.547045
Normal boiling point:	440.1	(0.38124) K
Critical compressibility:	0.255974 (0.00827675)

DEFAULT EQUATIONS

Phase boundary pressure (Liquid, Gas)
Equation:	Wagner25
Validity range
Temperature:	198.84 to 601.6	K
Constants:		601.6
Parameters:
 7.64933
 -8.9242
 2.63299
 -4.8437
 -4.17889
Covariance matrix
0.308779	-2.77501	3.6737	0	0
-2.77501	30.5988	-43.4163	0	0
3.6737	-43.4163	63.081	0	0
0	0	0	0	0
0	0	0	0	0
**************************************************
Density (Liquid, Gas)
Equation:	VDNSExpansion
Validity range
Temperature:	198.84 to 601.6	K
Constants:	 601.6
Parameters:
 233.275
 504.626
 191.332
 -11.9158
 -8.24668
Covariance matrix
628.378	-2533.31	5433.52	-8028.21	5201.54
-2533.31	27277.2	-97688	189040	-138401
5433.52	-97688	401003	-834688	635443
-8028.21	189040	-834688	1.82978e+006	-1.44294e+006
5201.54	-138401	635443	-1.44294e+006	1.17014e+006
**************************************************
Density (Gas)
Equation:	VirialV
Validity range
Temperature:	339.28 to 592.985	K
Pressure:	0 to 344.64	kPa
Constants:	 2 4
Parameters:
 0.000159388
 2.54852
 -3135.67
 749178
 -9.59973e-005
 0.134802
 -61.0607
 8847.61
Covariance matrix
2.05309	-2926.56	1.37127e+006	-2.10782e+008	-0.0117758	12.6069	-3431.25	36254.7
-2926.56	4.17644e+006	-1.9591e+009	3.01465e+011	16.4098	-17446.7	4.64333e+006	-1.16449e+007
1.37127e+006	-1.9591e+009	9.20018e+011	-1.41733e+014	-7615.58	8.09265e+006	-2.14666e+009	2.26692e+009
-2.10782e+008	3.01465e+011	-1.41733e+014	2.18614e+016	1.18206e+006	-1.26769e+009	3.45016e+011	-3.35988e+012
-0.0117758	16.4098	-7615.58	1.18206e+006	0.000674378	-1.02893	523.245	-88727.2
12.6069	-17446.7	8.09265e+006	-1.26769e+009	-1.02893	1587.91	-817397	1.40404e+008
-3431.25	4.64333e+006	-2.14666e+009	3.45016e+011	523.245	-817397	4.26174e+008	-7.4178e+010
36254.7	-1.16449e+007	2.26692e+009	-3.35988e+012	-88727.2	1.40404e+008	-7.4178e+010	1.30851e+013
**************************************************
Density (Gas, Liquid)
Equation:	VDNSExpansion
Validity range
Temperature:	477.092 to 601.6	K
Constants:	 601.6
Parameters:
 233.275
 -533.723
 418.969
 -61.1635
Covariance matrix
125.059	-510.535	1197.02	-1847.29
-510.535	2144.4	-5219.35	8352.68
1197.02	-5219.35	13329	-22340.8
-1847.29	8352.68	-22340.8	39163.4
**************************************************
Enthalpy of vaporization or sublimation (Liquid, Gas)
Equation:	Watson
Validity range
Temperature:	198.84 to 601.6	K
Constants:		601.6
Parameters:
 5.13949
 4.09628
 -5.83685
 2.39941
Covariance matrix
2.04578	8.09572	-0.0220742	1.6166e-005
8.09572	32.312	-0.0886765	6.55071e-005
-0.0220742	-0.0886765	0.00024458	-1.81901e-007
1.6166e-005	6.55071e-005	-1.81901e-007	1.36546e-010
**************************************************
Heat capacity at saturation pressure (Liquid, Gas)
Heat capacity and derived properties (through integration) for Liquid
Equation:	CSExpansion
Validity range
Temperature:	198.84 to 589.568	K
Constants:		601.6
Parameters:
 6.38972
 320.203
 -0.791141
 0.00344445
 -3.02666e-006
Covariance matrix
44.9645	127.386	-0.746141	0	0
127.386	1443.67	-5.03242	0	0
-0.746141	-5.03242	0.0208104	0	0
0	0	0	0	0
0	0	0	0	0
**************************************************
Heat capacity at constant pressure (Ideal gas)
Multi-property equation:	Wilhoit
Validity range
Temperature:	200 to 1500	K
Constants:		0	1051.8	26.28	538.083
Parameters:
 4
 114.79
 572
 80.922
 29.976
 -40.4
 59
 210
**************************************************
Enthalpy (Liquid, Gas)
Heat capacity and derived properties (through integration) for Liquid
Equation:	CSExpansion
Validity range
Temperature:	198.84 to 589.568	K
Constants:		601.6	298.15	0	421.663
Parameters:
 6.38972
 320.203
 -0.791141
 0.00344445
 -3.02666e-006
Covariance matrix
44.9645	127.386	-0.746141	0	0
127.386	1443.67	-5.03242	0	0
-0.746141	-5.03242	0.0208104	0	0
0	0	0	0	0
0	0	0	0	0
**************************************************
Enthalpy (Ideal gas)
Multi-property equation:	Wilhoit
Validity range
Temperature:	200 to 1500	K
Constants:		0	1051.8	26.28	538.083
Parameters:
 4
 114.79
 572
 80.922
 29.976
 -40.4
 59
 210
**************************************************
Entropy (Ideal gas)
Multi-property equation:	Wilhoit
Validity range
Temperature:	200 to 1500	K
Constants:		0	1051.8	26.28	538.083
Parameters:
 4
 114.79
 572
 80.922
 29.976
 -40.4
 59
 210
**************************************************
Entropy (Liquid, Gas)
Heat capacity and derived properties (through integration) for Liquid
Equation:	CSExpansion
Validity range
Temperature:	198.84 to 589.568	K
Constants:		601.6	298.15	0	421.663
Parameters:
 6.38972
 320.203
 -0.791141
 0.00344445
 -3.02666e-006
Covariance matrix
44.9645	127.386	-0.746141	0	0
127.386	1443.67	-5.03242	0	0
-0.746141	-5.03242	0.0208104	0	0
0	0	0	0	0
0	0	0	0	0
**************************************************
Refractive index (Liquid, Gas)
Equation:	RIXExpansion
Validity range
Wavelength:	589.26 to 589.26	nm
Temperature:	293.138 to 293.138	K
Constants:		0
Parameters:
 1.4099
Covariance matrix
8e-008
**************************************************
Viscosity (Gas)
Equation:	TransportPolynomial
Validity range
Temperature:	450 to 900	K
Pressure:	0 to 101.325	kPa
Constants:		601.6
Parameters:
 -7.6385e-007
 2.11265e-008
 -3.42914e-012
Covariance matrix
1.53977e-009	-4.8217e-012	3.62251e-015
-4.8217e-012	1.5237e-014	-1.15398e-017
3.62251e-015	-1.15398e-017	8.81156e-021
**************************************************
Viscosity (Liquid, Gas)
Equation:	ViscosityL
Validity range
Temperature:	273.15 to 600	K
Constants:		601.6
Parameters:
 -19.4909
 10074.4
 -3.10575e+006
 3.51197e+008
Covariance matrix
546.352	-606173	2.15675e+008	-2.48493e+010
-606173	6.75738e+008	-2.41418e+011	2.79172e+013
2.15675e+008	-2.41418e+011	8.65866e+013	-1.00492e+016
-2.48493e+010	2.79172e+013	-1.00492e+016	1.17039e+018
**************************************************
Thermal conductivity (Gas)
Equation:	TransportPolynomial
Validity range
Temperature:	450 to 900	K
Pressure:	0 to 0	kPa
Constants:		601.6
Parameters:
 -0.0178565
 8.34869e-005
 1.42902e-008
Covariance matrix
0.00573831	-1.83781e-005	1.40979e-008
-1.83781e-005	5.93609e-008	-4.5899e-011
1.40979e-008	-4.5899e-011	3.57986e-014
**************************************************
Thermal conductivity (Liquid, Gas)
Equation:	TransportPolynomial
Validity range
Temperature:	200 to 540	K
Constants:		601.6
Parameters:
 0.15693
 -3.30357e-005
 -2.27792e-007
Covariance matrix
0.0139419	-7.45539e-005	9.37023e-008
-7.45539e-005	4.08675e-007	-5.22484e-010
9.37023e-008	-5.22484e-010	6.77061e-013
**************************************************

Recommended values

**************************************************
Triple point temperature (Crystal 1, Liquid, Gas)

T	T uncertainty
K	K
198.84	0.16

**************************************************
Normal boiling temperature (Liquid, Gas)

TBN	TBN uncertainty
K	K
440.0	3.8

**************************************************
Critical temperature (Liquid, Gas)

TC	TC uncertainty
K	K
601.6	9.7

**************************************************
Critical pressure (Liquid, Gas)

PC	PC uncertainty
kPa	kPa
2099	1166

**************************************************
Boiling temperature (Liquid, Gas)

P	TB	TB uncertainty
kPa	K	K
1.96873e-006	198.8	7.3
100	439.5	3.8
200	467.6	4.8
300	486.0	6.0
400	500.2	7.4
500	511.9	8.9
600	522	10
700	531	12
800	539	13
900	546	15
1000	552	16
1100	558	18
1200	564	19
1300	569	21
1400	574	22
1500	579	23
1600	583	25
1700	587	26
1800	591	27
1900	595	28
2000	598	29
2099.23	602	30

**************************************************
Phase boundary pressure (Liquid, Gas)

T	P	P uncertainty
K	kPa	kPa
200	2.4e-006	7.1e-006
200	2.4e-006	7.1e-006
220	6.7e-005	0.00015
240	0.00096	0.0017
260	0.0085	0.012
280	0.052	0.057
300	0.24	0.20
320	0.85	0.54
340	2.5	1.2
360	6.6	2.2
380	14.9	3.6
400	30.6	5.2
420	57.6	7.3
440	101	11
460	168	18
480	264	34
500	398	62
520	580	115
540	820	208
560	1131	370
580	1532	644
600	2051	1114
601.6	2099	1166

**************************************************
Critical density (Liquid, Gas)

VDC	VDC uncertainty
kg/m3	kg/m3
233.3	7.5

**************************************************
Density (Liquid, Gas)

T	VDN	VDN uncertainty
K	kg/m3	kg/m3
198.84	792	19
200	791	19
220	778	12
240	764.5	7.6
260	750.5	4.1
280	736.2	1.8
300	721.5	1.3
320	706.3	2.5
340	690.6	3.9
360	674.3	5.3
380	657.5	6.7
400	639.9	8.0
420	621.5	8.9
440	602.2	9.6
460	581.7	9.9
480	559.8	9.99
500	536	10
520	510	11
540	480	14
560	445	18
580	398	22
600	297	20
601.6	233	23

**************************************************
Density (Gas)

T	P	VDN	VDN uncertainty
K	kPa	kg/m3	kg/m3
390	20	0.885	0.044
400	20	0.863	0.043
410	20	0.842	0.043
410	40	1.699	0.091
420	20	0.822	0.042
420	40	1.658	0.098
430	20	0.803	0.038
430	40	1.62	0.10
430	60	2.45	0.13
440	20	0.784	0.033
440	40	1.581	0.097
440	60	2.39	0.14
440	80	3.22	0.17
440	100	4.06	0.38
450	20	0.767	0.027
450	40	1.546	0.086
450	60	2.34	0.14
450	80	3.14	0.17
450	100	3.96	0.23
450	120	4.80	0.51
460	20	0.750	0.022
460	40	1.511	0.072
460	60	2.28	0.13
460	80	3.07	0.18
460	100	3.87	0.22
460	120	4.69	0.33
460	140	5.52	0.62
460	160	6.4	1.2
470	20	0.734	0.017
470	40	1.478	0.059
470	60	2.23	0.11
470	80	3.00	0.17
470	100	3.78	0.23
470	120	4.58	0.30
470	140	5.39	0.44
470	160	6.21	0.71
470	180	7.0	1.2
470	200	7.9	1.8
480	20	0.718	0.013
480	40	1.446	0.048
480	60	2.185	0.098
480	80	2.94	0.16
480	100	3.70	0.23
480	120	4.47	0.30
480	140	5.26	0.40
480	160	6.06	0.54
480	180	6.87	0.77
480	200	7.7	1.1
480	220	8.6	1.6
480	240	9.4	2.3
480	260	10.3	3.2
490	20	0.703	0.011
490	40	1.416	0.040
490	60	2.138	0.086
490	80	2.87	0.15
490	100	3.61	0.21
490	120	4.37	0.29
490	140	5.14	0.38
490	160	5.92	0.48
490	180	6.71	0.61
490	200	7.51	0.78
490	220	8.3	1.0
490	240	9.2	1.3
490	260	10.0	1.7
490	280	10.9	2.3
490	300	11.8	3.0
490	320	12.7	4.0
500	20	0.6888	0.0095
500	40	1.386	0.037
500	60	2.093	0.080
500	80	2.81	0.14
500	100	3.54	0.20
500	120	4.27	0.28
500	140	5.02	0.36
500	160	5.78	0.45
500	180	6.55	0.54
500	200	7.33	0.64
500	220	8.13	0.74
500	240	8.93	0.86
500	260	9.8	1.0
500	280	10.6	1.2
500	300	11.4	1.5
500	320	12.3	1.9
500	340	13.2	2.4
500	344.64	13.4	2.5
510	20	0.6751	0.0093
510	40	1.358	0.036
510	60	2.050	0.078
510	80	2.75	0.13
510	100	3.46	0.20
510	120	4.18	0.27
510	140	4.91	0.35
510	160	5.65	0.42
510	180	6.40	0.49
510	200	7.16	0.56
510	220	7.93	0.62
510	240	8.71	0.67
510	260	9.51	0.71
510	280	10.32	0.77
510	300	11.14	0.86
510	320	12.0	1.0
510	340	12.8	1.3
510	344.64	13.0	1.4
520	20	0.6619	0.0094
520	40	1.331	0.036
520	60	2.009	0.078
520	80	2.69	0.13
520	100	3.39	0.19
520	120	4.09	0.26
520	140	4.80	0.33
520	160	5.52	0.40
520	180	6.25	0.46
520	200	6.99	0.52
520	220	7.74	0.56
520	240	8.50	0.58
520	260	9.27	0.60
520	280	10.06	0.62
520	300	10.85	0.69
520	320	11.66	0.84
520	340	12.5	1.1
520	344.64	12.7	1.2
530	20	0.6492	0.0095
530	40	1.305	0.036
530	60	1.969	0.078
530	80	2.64	0.13
530	100	3.32	0.19
530	120	4.00	0.26
530	140	4.70	0.33
530	160	5.40	0.39
530	180	6.11	0.45
530	200	6.83	0.50
530	220	7.56	0.53
530	240	8.30	0.55
530	260	9.05	0.56
530	280	9.81	0.59
530	300	10.58	0.66
530	320	11.36	0.83
530	340	12.1	1.1
530	344.64	12.3	1.2
540	20	0.6370	0.0095
540	40	1.280	0.036
540	60	1.931	0.077
540	80	2.59	0.13
540	100	3.25	0.19
540	120	3.92	0.26
540	140	4.60	0.32
540	160	5.29	0.39
540	180	5.98	0.44
540	200	6.68	0.49
540	220	7.39	0.52
540	240	8.11	0.55
540	260	8.84	0.56
540	280	9.57	0.59
540	300	10.32	0.67
540	320	11.08	0.83
540	340	11.8	1.1
540	344.64	12.0	1.2
550	20	0.6252	0.0095
550	40	1.256	0.036
550	60	1.894	0.077
550	80	2.54	0.13
550	100	3.19	0.19
550	120	3.84	0.26
550	140	4.51	0.32
550	160	5.18	0.38
550	180	5.85	0.44
550	200	6.54	0.48
550	220	7.23	0.52
550	240	7.93	0.54
550	260	8.64	0.56
550	280	9.35	0.59
550	300	10.08	0.67
550	320	10.81	0.83
550	340	11.5	1.1
550	344.64	11.7	1.2
560	20	0.6139	0.0099
560	40	1.233	0.038
560	60	1.858	0.080
560	80	2.49	0.13
560	100	3.13	0.20
560	120	3.77	0.26
560	140	4.42	0.33
560	160	5.07	0.39
560	180	5.73	0.44
560	200	6.40	0.48
560	220	7.08	0.51
560	240	7.76	0.52
560	260	8.45	0.53
560	280	9.14	0.55
560	300	9.85	0.64
560	320	10.56	0.81
560	340	11.3	1.1
560	344.64	11.4	1.2
570	20	0.603	0.011
570	40	1.211	0.041
570	60	1.824	0.088
570	80	2.44	0.15
570	100	3.07	0.21
570	120	3.70	0.28
570	140	4.33	0.35
570	160	4.97	0.41
570	180	5.62	0.46
570	200	6.27	0.49
570	220	6.93	0.51
570	240	7.59	0.50
570	260	8.26	0.49
570	280	8.94	0.51
570	300	9.63	0.61
570	320	10.32	0.83
570	340	11.0	1.2
570	344.64	11.2	1.3
580	20	0.592	0.013
580	40	1.189	0.048
580	60	1.79	0.10
580	80	2.40	0.17
580	100	3.01	0.25
580	120	3.63	0.32
580	140	4.25	0.40
580	160	4.87	0.47
580	180	5.51	0.52
580	200	6.14	0.55
580	220	6.79	0.56
580	240	7.44	0.54
580	260	8.09	0.53
580	280	8.75	0.55
580	300	9.42	0.67
580	320	10.09	0.95
580	340	10.8	1.4
580	344.64	10.9	1.5
590	20	0.582	0.015
590	40	1.169	0.059
590	60	1.76	0.12
590	80	2.35	0.21
590	100	2.95	0.30
590	120	3.56	0.39
590	140	4.17	0.48
590	160	4.78	0.57
590	180	5.40	0.63
590	200	6.02	0.68
590	220	6.65	0.70
590	240	7.29	0.70
590	260	7.93	0.70
590	280	8.57	0.75
590	300	9.22	0.91
590	320	9.9	1.2
590	340	10.5	1.7
590	344.64	10.7	1.9
592.985	20	0.579	0.016
592.985	40	1.163	0.062
592.985	60	1.75	0.13
592.985	80	2.34	0.22
592.985	100	2.94	0.32
592.985	120	3.54	0.42
592.985	140	4.14	0.52
592.985	160	4.75	0.60
592.985	180	5.37	0.68
592.985	200	5.99	0.73
592.985	220	6.61	0.76
592.985	240	7.24	0.77
592.985	260	7.88	0.78
592.985	280	8.52	0.84
592.985	300	9.2	1.0
592.985	320	9.8	1.4
592.985	340	10.5	1.9
592.985	344.64	10.6	2.0

**************************************************
Density (Gas, Liquid)

T	VDN	VDN uncertainty
K	kg/m3	kg/m3
482.882	11.13	0.15
490	12.93	0.15
500	15.89	0.19
510	19.45	0.21
520	23.73	0.24
530	28.89	0.28
540	35.15	0.37
550	42.82	0.50
560	52.43	0.65
570	64.81	0.84
580	81.7	1.2
590	107.3	2.1
600	167.4	5.8
601.6	233	11

**************************************************
Enthalpy of phase transition (Crystal 1, Liquid, Gas)

HTR	HTR uncertainty
kJ/mol	kJ/mol
17.49	0.17

**************************************************
Enthalpy of vaporization or sublimation (Liquid, Gas)

T	HVP	HVP uncertainty
K	kJ/mol	kJ/mol
198.84	64	14
200	64	14
220	60.4	9.6
240	57.1	6.4
260	54.3	4.1
280	51.9	2.5
300	49.8	1.4
320	48.01	0.74
340	46.39	0.40
360	44.93	0.40
380	43.57	0.68
400	42.3	1.1
420	41.0	1.6
440	39.6	2.1
460	38.1	2.6
480	36.4	2.9
500	34.3	3.1
520	31.6	3.1
540	28.2	3.3
560	23.5	4.3
580	16.7	6.2
600	3.4	4.9
601.6	0.0	0.0

**************************************************
Heat capacity at saturation pressure (Liquid, Gas)

T	CS	CS uncertainty
K	J/K/mol	J/K/mol
198.84	285	17
200	285	17
220	291	15
240	298	13
260	305	12
280	314	10
300	323.9	9.6
320	334.2	9.1
340	345.1	9.2
360	356.5	9.6
380	368	10
400	380	11
420	392	12
440	405	13
460	418	14
480	431	15
500	445	17
520	462	21
540	483	31
560	518	58
580	607	143
589.568	750	290

**************************************************
Heat capacity at constant pressure (Ideal gas)

T	CP	CP uncertainty
K	J/K/mol	J/K/mol
200	169.9	1.7
200	169.9	1.7
300	233.8	2.3
400	299.5	3.0
500	358.2	3.6
600	408.1	4.1
700	449.4	4.5
800	483.8	4.8
900	512.5	5.1
1000	537.1	5.4
1100	558.3	5.6
1200	577.0	5.8
1300	593.6	5.9
1400	608.5	6.1
1500	622.0	6.2

**************************************************
Enthalpy (Liquid, Gas)

T	H	H uncertainty
K	kJ/mol	kJ/mol
198.84	-30.0	1.8
200	-29.6	1.8
220	-23.9	1.3
240	-18.00	0.81
260	-11.98	0.46
280	-5.78	0.19
300	0.598	0.018
320	7.18	0.20
340	13.97	0.37
360	20.99	0.57
380	28.23	0.80
400	35.7	1.1
420	43.4	1.3
440	51.4	1.7
460	59.6	2.0
480	68.1	2.4
500	76.9	2.9
520	86.0	3.9
540	95.4	6.2
560	105	12
580	116	27
589.568	123	47

**************************************************
Enthalpy (Ideal gas)

T	H	H uncertainty
K	kJ/mol	kJ/mol
200	24.95	0.25
200	24.95	0.25
300	44.98	0.45
400	71.69	0.72
500	104.6	1.0
600	143.0	1.4
700	186.0	1.9
800	232.7	2.3
900	282.5	2.8
1000	335.1	3.4
1100	389.9	3.9
1200	446.6	4.5
1300	505.2	5.1
1400	565.3	5.7
1500	626.8	6.3

**************************************************
Entropy (Liquid, Gas)

T	S	S uncertainty
K	J/K/mol	J/K/mol
198.84	300	18
200	302	18
220	329	15
240	355	13
260	379	12
280	402	11
300	424	10
320	445	11
340	465	11
360	486	12
380	505	13
400	524	13
420	543	14
440	562	15
460	580	16
480	598	16
500	616	18
520	634	20
540	651	25
560	670	38
580	689	73
589.568	700	118

**************************************************
Refractive index (Liquid, Gas)

WL	T	RIX	RIX uncertainty
nm	K		
589.26	293.138	1.40990	0.00028

**************************************************
Viscosity (Gas)

T	P	NVC	NVC uncertainty
K	kPa	Pa*s	Pa*s
450	101.325	8.0e-006	3.3e-006
460	101.325	8.2e-006	3.0e-006
480	101.325	8.6e-006	2.5e-006
500	101.325	8.9e-006	2.1e-006
520	101.325	9.3e-006	1.9e-006
540	101.325	9.6e-006	1.8e-006
560	101.325	9.99e-006	1.8e-006
580	101.325	1.03e-005	1.9e-006
600	101.325	1.07e-005	2.0e-006
620	101.325	1.10e-005	2.1e-006
640	101.325	1.14e-005	2.2e-006
660	101.325	1.17e-005	2.2e-006
680	101.325	1.20e-005	2.2e-006
700	101.325	1.23e-005	2.2e-006
720	101.325	1.27e-005	2.2e-006
740	101.325	1.30e-005	2.2e-006
760	101.325	1.33e-005	2.2e-006
780	101.325	1.36e-005	2.3e-006
800	101.325	1.39e-005	2.5e-006
820	101.325	1.43e-005	2.8e-006
840	101.325	1.46e-005	3.2e-006
860	101.325	1.49e-005	3.8e-006
880	101.325	1.52e-005	4.5e-006
900	101.325	1.55e-005	5.2e-006

**************************************************
Viscosity (Liquid, Gas)

T	NVC	NVC uncertainty
K	Pa*s	Pa*s
273.15	0.00091	0.00024
280	0.00080	0.00015
300	0.00060	0.00012
320	0.00049	0.00011
340	0.00041	0.00012
360	0.00036	0.00013
380	0.00031	0.00014
400	0.00027	0.00013
420	0.00023	0.00012
440	0.00020	0.00011
460	0.000173	8.8e-005
480	0.000150	7.2e-005
500	0.000129	6.1e-005
520	0.000111	5.6e-005
540	9.6e-005	5.6e-005
560	8.2e-005	5.9e-005
580	7.1e-005	6.2e-005
600	6.1e-005	6.5e-005

**************************************************
Thermal conductivity (Gas)

T	P	NTC	NTC uncertainty
K	kPa	W/m/K	W/m/K
450	101.325	0.0226	0.0056
460	101.325	0.0236	0.0050
480	101.325	0.0255	0.0041
500	101.325	0.0275	0.0035
520	101.325	0.0294	0.0032
540	101.325	0.0314	0.0033
560	101.325	0.0334	0.0035
580	101.325	0.0354	0.0037
600	101.325	0.0374	0.0040
620	101.325	0.0394	0.0042
640	101.325	0.0414	0.0044
660	101.325	0.0435	0.0045
680	101.325	0.0455	0.0045
700	101.325	0.0476	0.0045
720	101.325	0.0497	0.0045
740	101.325	0.0517	0.0046
760	101.325	0.0538	0.0047
780	101.325	0.0560	0.0051
800	101.325	0.0581	0.0057
820	101.325	0.0602	0.0065
840	101.325	0.0624	0.0076
860	101.325	0.0645	0.0089
880	101.325	0.067	0.010
900	101.325	0.069	0.012

**************************************************
Thermal conductivity (Liquid, Gas)

T	NTC	NTC uncertainty
K	W/m/K	W/m/K
200	0.141	0.026
200	0.141	0.026
220	0.139	0.021
240	0.136	0.017
260	0.133	0.014
280	0.130	0.012
300	0.127	0.011
320	0.123	0.011
340	0.119	0.011
360	0.116	0.012
380	0.111	0.012
400	0.107	0.011
420	0.103	0.011
440	0.0983	0.0099
460	0.0935	0.0092
480	0.0886	0.0091
500	0.083	0.010
520	0.078	0.013
540	0.073	0.016




Alternative equations 



Multi-property models 

