2-methyloctadecane
Alternative names:
octadecane, 2-methyl-
17-methyloctadecane
2-methyloctadecane
C19H40
Molecular mass:	268.529
DIPPR family:	MA (METHYLALKANES)
DIPPR subgroup:	maa (2-methylalkanes)

Prediction report:

Joback: 3 CH3 15 CH2 1 CH

Marrero-Pardillo:
1 2: CH3 CH2
2 3: CH3 CH
14 29: CH2 CH2
1 30: CH2 CH

Constantinou-Gani:
(1 order)
3 CH3
15 CH2
1 CH
1
(2 order)

UNIFAC:  3 1 15 2 1 3

NIST-KT-UNIFAC:  3 1 15 2 1 3

Wilson-Jasperson: 19 C 40 H
Symmetry number used for S prediction: 27
Benson S(gas, 298.15): 895.506J/K/mol
Experimental data file:	

SINGLE-VALUE PROPERTIES

Predicted enthalpy of formation (G):	-441	(12) kJ/mol
Predicted enthalpy of formation (L):	-539	(16) kJ/mol

Benson contributions (gas, liq)
CH3-C	-41.8	-48.5
CH-C3	-10.5	-10.37
CH2-C2	-23.1	-27.23
CH2-C2	-23.1	-27.23
CH2-C2	-23.1	-27.23
CH2-C2	-23.1	-27.23
CH2-C2	-23.1	-27.23
CH2-C2	-23.1	-27.23
CH2-C2	-23.1	-27.23
CH2-C2	-23.1	-27.23
CH2-C2	-23.1	-27.23
CH2-C2	-23.1	-27.23
CH2-C2	-23.1	-27.23
CH2-C2	-23.1	-27.23
CH2-C2	-23.1	-27.23
CH2-C2	-23.1	-27.23
CH2-C2	-23.1	-27.23
CH3-C	-41.8	-48.5
CH3-C	-41.8	-48.5

Ring corrections (gas, liq)

Interaction corrections (gas, liq)
16	C-X-X-C	2.56	2.01

Acentric factor:	0.884631
Normal boiling point:	596.545	(0.975989) K
Critical compressibility:	0.233046 (0.00830867)

DEFAULT EQUATIONS

Phase boundary pressure (Liquid, Gas)
Equation:	Wagner25
Validity range
Temperature:	288.6 to 746.8	K
Constants:		746.8
Parameters:
 7.08048
 -9.08784
 -1.03159
 -2.26339
 -12.4413
Covariance matrix
0.00966523	-0.0921954	0.125392	0	0
-0.0921954	0.999174	-1.42171	0	0
0.125392	-1.42171	2.05606	0	0
0	0	0	0	0
0	0	0	0	0
**************************************************
Density (Liquid, Gas)
Equation:	VDNSExpansion
Validity range
Temperature:	288.6 to 746.8	K
Constants:	 746.8
Parameters:
 220.55
 548.797
 146.41
 52.7629
 -47.024
Covariance matrix
612.082	-2385.18	4995.04	-7424.91	4894.06
-2385.18	64142.2	-269497	573057	-442897
4995.04	-269497	1.23208e+006	-2.76738e+006	2.20524e+006
-7424.91	573057	-2.76738e+006	6.52846e+006	-5.36471e+006
4894.06	-442897	2.20524e+006	-5.36471e+006	4.49597e+006
**************************************************
Density (Gas, Liquid)
Equation:	VDNSExpansion
Validity range
Temperature:	599.013 to 746.8	K
Constants:	 746.8
Parameters:
 220.55
 -526.232
 433.852
 -32.2722
**************************************************
Enthalpy of vaporization or sublimation (Liquid, Gas)
Equation:	Watson
Validity range
Temperature:	288.6 to 746.8	K
Constants:		746.8
Parameters:
 5.14911
 1.70377
 -1.66832
 0.534971
Covariance matrix
0.751507	2.68692	-0.00546738	2.91732e-006
2.68692	9.80169	-0.0202424	1.1042e-005
-0.00546738	-0.0202424	4.22652e-005	-2.34285e-008
2.91732e-006	1.1042e-005	-2.34285e-008	1.32893e-011
**************************************************
Heat capacity at saturation pressure (Liquid, Gas)
Heat capacity and derived properties (through integration) for Liquid
Equation:	CSExpansion
Validity range
Temperature:	288.6 to 730	K
Constants:		746.8
Parameters:
 7.62429
 392.323
 0.184301
 0.00201821
 -1.79731e-006
Covariance matrix
168.698	665.996	-2.63986	0	0
665.996	8591.27	-22.9471	0	0
-2.63986	-22.9471	0.0690565	0	0
0	0	0	0	0
0	0	0	0	0
**************************************************
Heat capacity at constant pressure (Ideal gas)
Multi-property equation:	Wilhoit
Validity range
Temperature:	200 to 1000	K
Constants:		0	1218.7	36.8	891.154
Parameters:
 4
 47.49
 298
 170.165
 2.788
 -46.61
 119
 130
**************************************************
Enthalpy (Liquid, Gas)
Heat capacity and derived properties (through integration) for Liquid
Equation:	CSExpansion
Validity range
Temperature:	288.6 to 730	K
Constants:		746.8	298.15	0	701.694
Parameters:
 7.62429
 392.323
 0.184301
 0.00201821
 -1.79731e-006
Covariance matrix
168.698	665.996	-2.63986	0	0
665.996	8591.27	-22.9471	0	0
-2.63986	-22.9471	0.0690565	0	0
0	0	0	0	0
0	0	0	0	0
**************************************************
Enthalpy (Ideal gas)
Multi-property equation:	Wilhoit
Validity range
Temperature:	200 to 1000	K
Constants:		0	1218.7	36.8	891.154
Parameters:
 4
 47.49
 298
 170.165
 2.788
 -46.61
 119
 130
**************************************************
Entropy (Ideal gas)
Multi-property equation:	Wilhoit
Validity range
Temperature:	200 to 1000	K
Constants:		0	1218.7	36.8	891.154
Parameters:
 4
 47.49
 298
 170.165
 2.788
 -46.61
 119
 130
**************************************************
Entropy (Liquid, Gas)
Heat capacity and derived properties (through integration) for Liquid
Equation:	CSExpansion
Validity range
Temperature:	288.6 to 730	K
Constants:		746.8	298.15	0	701.694
Parameters:
 7.62429
 392.323
 0.184301
 0.00201821
 -1.79731e-006
Covariance matrix
168.698	665.996	-2.63986	0	0
665.996	8591.27	-22.9471	0	0
-2.63986	-22.9471	0.0690565	0	0
0	0	0	0	0
0	0	0	0	0
**************************************************
Refractive index (Liquid)
Equation:	RIXExpansion
Validity range
Wavelength:	589.26 to 589.26	nm
Temperature:	292.988 to 292.988	K
Pressure:	0 to 101.325	kPa
Constants:		0
Parameters:
 1.4396
Covariance matrix
7.2e-007
**************************************************
Viscosity (Gas)
Equation:	TransportPolynomial
Validity range
Temperature:	600 to 1120	K
Pressure:	0 to 101.325	kPa
Constants:		746.8
Parameters:
 -6.26762e-007
 1.544e-008
 -1.61205e-012
 -1.92435e-016
Covariance matrix
8.26807e-008	-3.02373e-010	3.61147e-013	-1.40998e-016
-3.02373e-010	1.10916e-012	-1.32867e-015	5.20178e-019
3.61147e-013	-1.32867e-015	1.59632e-018	-6.26742e-022
-1.40998e-016	5.20178e-019	-6.26742e-022	2.46755e-025
**************************************************
Viscosity (Liquid, Gas)
Equation:	PPDS 9
Validity range
Temperature:	292.988 to 740	K
Constants:		746.8
Parameters:
 1.40938e-005
 3.1067
 0.156814
 839.361
 161.731
Covariance matrix
8.89918e-008	-8.22178e-008	0	0	0
-8.22178e-008	7.9542e-008	0	0	0
0	0	0	0	0
0	0	0	0	0
0	0	0	0	0
**************************************************
Thermal conductivity (Gas)
Equation:	TransportPolynomial
Validity range
Temperature:	600 to 1120	K
Pressure:	0 to 0	kPa
Constants:		746.8
Parameters:
 -0.00703875
 3.15998e-005
 2.54658e-008
 -1.06943e-011
Covariance matrix
0.161253	-0.000594705	7.16218e-007	-2.81836e-010
-0.000594705	2.19979e-006	-2.65702e-009	1.04846e-012
7.16218e-007	-2.65702e-009	3.21876e-012	-1.27376e-015
-2.81836e-010	1.04846e-012	-1.27376e-015	5.05492e-019
**************************************************
Thermal conductivity (Liquid, Gas)
Equation:	TransportPolynomial
Validity range
Temperature:	290 to 670	K
Constants:		746.8
Parameters:
 0.163651
 -2.06861e-005
 -1.69604e-007
Covariance matrix
0.111739	-0.000460428	4.52353e-007
-0.000460428	1.92892e-006	-1.9184e-009
4.52353e-007	-1.9184e-009	1.92732e-012
**************************************************

Recommended values

**************************************************
Triple point temperature (Crystal 1, Liquid, Gas)

T	T uncertainty
K	K
288.6	4.5

**************************************************
Normal boiling temperature (Liquid, Gas)

TBN	TBN uncertainty
K	K
596.54	0.76

**************************************************
Critical temperature (Liquid, Gas)

TC	TC uncertainty
K	K
746.8	4.1

**************************************************
Critical pressure (Liquid, Gas)

PC	PC uncertainty
kPa	kPa
1189	117

**************************************************
Boiling temperature (Liquid, Gas)

P	TB	TB uncertainty
kPa	K	K
1.93184e-006	288.6	2.0
100	595.93	0.75
200	630.3	1.3
300	652.8	1.9
400	670.0	2.5
500	684.1	3.1
600	696.2	3.7
700	706.8	4.3
800	716.4	4.9
900	725.1	5.6
1000	733.1	6.2
1100	740.6	7.0
1188.54	746.8	7.7

**************************************************
Phase boundary pressure (Liquid, Gas)

T	P	P uncertainty
K	kPa	kPa
290	2.37e-006	7.8e-007
300	9.4e-006	2.8e-006
320	0.000106	2.6e-005
340	0.00082	0.00016
360	0.00475	0.00076
380	0.0215	0.0028
400	0.0796	0.0080
420	0.250	0.020
440	0.684	0.041
460	1.667	0.074
480	3.69	0.12
500	7.51	0.18
520	14.26	0.24
540	25.48	0.35
560	43.22	0.55
580	70.04	0.99
600	109.1	1.9
620	164.1	3.6
640	239.3	6.7
660	339	12
680	469	22
700	635	37
720	841	61
740	1092	99
746.8	1189	117

**************************************************
Critical density (Liquid, Gas)

VDC	VDC uncertainty
kg/m3	kg/m3
220.6	7.9

**************************************************
Density (Liquid, Gas)

T	VDN	VDN uncertainty
K	kg/m3	kg/m3
288.6	781.9	3.6
300	775.5	3.2
320	763.9	7.1
340	752	10
360	740	12
380	728	13
400	715	13
420	702	13
440	688	12
460	674	12
480	660	12
500	645	12
520	630	13
540	614	14
560	598	14
580	580	15
600	562	15
620	542	16
640	520	17
660	497	21
680	470	26
700	438	32
720	397	38
740	328	33
746.8	221	22

**************************************************
Density (Gas, Liquid)

T	VDN	VDN uncertainty
K	kg/m3	kg/m3
599.013	6.65	0.17
600	6.80	0.17
610	8.41	0.21
620	10.37	0.26
630	12.72	0.32
640	15.52	0.39
650	18.84	0.48
660	22.78	0.58
670	27.45	0.70
680	33.04	0.84
690	39.8	1.0
700	48.0	1.2
710	58.4	1.5
720	71.9	1.8
730	90.8	2.3
740	122.9	3.1
746.8	220.6	5.6

**************************************************
Enthalpy of vaporization or sublimation (Liquid, Gas)

T	HVP	HVP uncertainty
K	kJ/mol	kJ/mol
288.6	99	12
300	97	10
320	93.8	7.8
340	90.8	5.9
360	87.8	4.5
380	85.0	3.4
400	82.3	2.5
420	79.6	1.9
440	76.9	1.5
460	74.3	1.2
480	71.64	0.97
500	68.98	0.80
520	66.28	0.70
540	63.51	0.69
560	60.63	0.77
580	57.61	0.89
600	54.4	1.0
620	50.9	1.1
640	47.1	1.3
660	42.8	1.6
680	37.8	2.2
700	31.8	3.2
720	24.0	4.5
740	11.5	5.5
746.8	0.0	0.0

**************************************************
Heat capacity at saturation pressure (Liquid, Gas)

T	CS	CS uncertainty
K	J/K/mol	J/K/mol
288.6	583	35
300	593	33
320	612	29
340	632	26
360	651	23
380	671	21
400	690	20
420	710	19
440	730	19
460	749	20
480	768	21
500	787	22
520	806	24
540	825	26
560	843	27
580	862	29
600	880	31
620	899	33
640	919	38
660	942	48
680	971	72
700	1015	125
720	1113	271
730	1242	483

**************************************************
Heat capacity at constant pressure (Ideal gas)

T	CP	CP uncertainty
K	J/K/mol	J/K/mol
200	324.3	3.2
200	324.3	3.2
250	378.1	3.8
300	438.5	4.4
350	501.0	5.0
400	562.0	5.6
450	619.4	6.2
500	672.3	6.7
550	720.4	7.2
600	763.8	7.6
650	802.9	8.0
700	838.1	8.4
750	869.9	8.7
800	898.5	9.0
850	924.5	9.2
900	948.1	9.5
950	969.6	9.7
1000	989.3	9.9

**************************************************
Enthalpy (Liquid, Gas)

T	H	H uncertainty
K	kJ/mol	kJ/mol
288.6	-5.61	0.34
308.6	6.23	0.33
328.6	18.46	0.83
348.6	31.1	1.2
368.6	44.1	1.5
388.6	57.4	1.7
408.6	71.2	2.0
428.6	85.4	2.2
448.6	99.96	2.6
468.6	114.9	3.0
488.6	130.3	3.6
508.6	146.0	4.2
528.6	162.1	4.9
548.6	178.5	5.7
568.6	195.4	6.4
588.6	212.6	7.3
608.6	230.2	8.2
628.6	248.1	9.5
648.6	266	12
668.6	285	17
688.6	305	28
708.6	325	52
728.6	347	125
730	349	136

**************************************************
Enthalpy (Ideal gas)

T	H	H uncertainty
K	kJ/mol	kJ/mol
200	48.44	0.48
250	65.96	0.66
300	86.36	0.86
350	109.8	1.1
400	136.4	1.4
450	166.0	1.7
500	198.3	2.0
550	233.1	2.3
600	270.3	2.7
650	309.4	3.1
700	350.5	3.5
750	393.2	3.9
800	437.4	4.4
850	483.0	4.8
900	529.8	5.3
950	577.8	5.8
1000	626.8	6.3

**************************************************
Entropy (Liquid, Gas)

T	S	S uncertainty
K	J/K/mol	J/K/mol
288.6	683	37
308.6	722	37
328.6	761	38
348.6	798	39
368.6	834	40
388.6	869	41
408.6	904	41
428.6	938	42
448.6	971	43
468.6	1004	44
488.6	1036	45
508.6	1067	46
528.6	1098	48
548.6	1129	49
568.6	1159	51
588.6	1189	52
608.6	1218	54
628.6	1247	57
648.6	1276	61
668.6	1304	71
688.6	1333	93
708.6	1362	142
728.6	1393	285
730	1395	305

**************************************************
Refractive index (Liquid)

WL	T	P	RIX	RIX uncertainty
nm	K	kPa		
589.26	292.988	0	1.43960	0.00085
589.26	292.988	10	1.43960	0.00085
589.26	292.988	20	1.43960	0.00085
589.26	292.988	30	1.43960	0.00085
589.26	292.988	40	1.43960	0.00085
589.26	292.988	50	1.43960	0.00085
589.26	292.988	60	1.43960	0.00085
589.26	292.988	70	1.43960	0.00085
589.26	292.988	80	1.43960	0.00085
589.26	292.988	90	1.43960	0.00085
589.26	292.988	100	1.43960	0.00085
589.26	292.988	101.325	1.43960	0.00085

**************************************************
Viscosity (Gas)

T	P	NVC	NVC uncertainty
K	kPa	Pa*s	Pa*s
600	101.325	8.0e-006	4.1e-006
600	101.325	8.0e-006	4.1e-006
650	101.325	8.7e-006	2.2e-006
700	101.325	9.3e-006	2.2e-006
750	101.325	1.0e-005	2.3e-006
800	101.325	1.06e-005	2.1e-006
850	101.325	1.12e-005	2.1e-006
900	101.325	1.18e-005	2.4e-006
950	101.325	1.24e-005	2.7e-006
1000	101.325	1.30e-005	2.8e-006
1050	101.325	1.36e-005	3.0e-006
1100	101.325	1.42e-005	4.9e-006
1120	101.325	1.44e-005	6.4e-006

**************************************************
Viscosity (Liquid, Gas)

T	NVC	NVC uncertainty
K	Pa*s	Pa*s
292.988	0.0060	0.13
312.988	0.0036	0.076
332.988	0.0024	0.050
352.988	0.0017	0.036
372.988	0.0013	0.027
392.988	0.00098	0.021
412.988	0.00079	0.017
432.988	0.00065	0.014
452.988	0.00054	0.011
472.988	0.00046	0.0096
492.988	0.00039	0.0082
512.988	0.00034	0.0071
532.988	0.00029	0.0062
552.988	0.00026	0.0054
572.988	0.00023	0.0048
592.988	0.00020	0.0042
612.988	0.00018	0.0037
632.988	0.00016	0.0033
652.988	0.00014	0.0030
672.988	0.00012	0.0026
692.988	0.00011	0.0023
712.988	9.6e-005	0.0020
732.988	8.4e-005	0.0018
740	8.0e-005	0.0017

**************************************************
Thermal conductivity (Gas)

T	P	NTC	NTC uncertainty
K	kPa	W/m/K	W/m/K
600	101.325	0.0188	0.0051
600	101.325	0.0188	0.0051
650	101.325	0.0213	0.0027
700	101.325	0.0239	0.0029
750	101.325	0.0265	0.0031
800	101.325	0.0291	0.0030
850	101.325	0.0317	0.0031
900	101.325	0.0342	0.0036
950	101.325	0.0368	0.0041
1000	101.325	0.0393	0.0042
1050	101.325	0.0418	0.0047
1100	101.325	0.0443	0.0079
1120	101.325	0.045	0.010

**************************************************
Thermal conductivity (Liquid, Gas)

T	NTC	NTC uncertainty
K	W/m/K	W/m/K
290	0.143	0.055
310	0.141	0.046
330	0.138	0.038
350	0.136	0.031
370	0.133	0.027
390	0.130	0.024
410	0.127	0.023
430	0.123	0.023
450	0.120	0.024
470	0.116	0.024
490	0.113	0.024
510	0.109	0.024
530	0.105	0.023
550	0.101	0.021
570	0.097	0.020
590	0.092	0.019
610	0.088	0.020
630	0.083	0.022
650	0.079	0.027
670	0.074	0.034




Alternative equations 



Multi-property models 

