3,3-dimethylhexane
Alternative names:
hexane, 3,3-dimethyl-
3,3-dimethylhexane
C8H18
Molecular mass:	114.232
DIPPR family:	DA (DIMETHYLALKANES)
DIPPR subgroup:	daa (2,2-dimethylalkanes)

Prediction report:

Joback: 4 CH3 3 CH2 1 C

Marrero-Pardillo:
2 2: CH3 CH2
2 4: CH3 C
1 29: CH2 CH2
2 31: CH2 C

Constantinou-Gani:
(1 order)
4 CH3
3 CH2
1 C
(2 order)

UNIFAC:  4 1 3 2 1 4

NIST-KT-UNIFAC:  4 1 3 2 1 4

Wilson-Jasperson: 8 C 18 H
Symmetry number used for S prediction: 81
Benson S(gas, 298.15): 444.102J/K/mol
Experimental data file:	

SINGLE-VALUE PROPERTIES

Enthalpy of formation (G):	-219.9	(1.4) kJ/mol
Predicted enthalpy of formation (G):	-221.8	(5.9) kJ/mol
Enthalpy of formation (L):	-257.5	(1.4) kJ/mol
Predicted enthalpy of formation (L):	-259.4	(5.9) kJ/mol

Note: If experimental enthalpy of vaporization is available, predicted liquid-state enthalpy of formation is derived from the gas-state prediction

Benson contributions (gas, liq)
C-C4	-3.2	1.9
CH2-C2	-23.1	-27.23
CH2-C2	-23.1	-27.23
CH3-C	-41.8	-48.5
CH3-C	-41.8	-48.5
CH2-C2	-23.1	-27.23
CH3-C	-41.8	-48.5
CH3-C	-41.8	-48.5

Ring corrections (gas, liq)

Interaction corrections (gas, liq)
7	C-X-X-C	2.56	2.01

Acentric factor:	0.320997
Normal boiling point:	385.096	(0.0139383) K
Critical compressibility:	0.256151 (0.0103849)

DEFAULT EQUATIONS

Phase boundary pressure (Liquid, Gas)
Equation:	Wagner25
Validity range
Temperature:	146.99 to 561.982	K
Constants:		561.982
Parameters:
 7.88434
 -7.77621
 2.19294
 -3.03004
 -3.00437
Covariance matrix
0.000512328	-0.00328753	0.00395084	0	0
-0.00328753	0.021624	-0.0261893	0	0
0.00395084	-0.0261893	0.0318011	0	0
0	0	0	0	0
0	0	0	0	0
**************************************************
Density (Liquid, Gas)
Equation:	VDNSExpansion
Validity range
Temperature:	146.99 to 561.982	K
Constants:	 561.982
Parameters:
 253.422
 546.634
 131.712
 -364.913
 498.828
Covariance matrix
504.405	-2177.44	5237.1	-8960.92	6595.22
-2177.44	9644.09	-23869.1	41804.4	-31201.2
5237.1	-23869.1	61450.4	-111829	85683.8
-8960.92	41804.4	-111829	212934	-169216
6595.22	-31201.2	85683.8	-169216	138896
**************************************************
Density (Gas, Liquid)
Equation:	VDNSExpansion
Validity range
Temperature:	484.147 to 561.982	K
Constants:	 561.982
Parameters:
 253.422
 -539.23
 349.384
Covariance matrix
523.959	-2292.4	4976.19
-2292.4	11286.9	-27785
4976.19	-27785	78241.5
**************************************************
Density (Gas)
Equation:	VirialV
Validity range
Temperature:	280 to 560	K
Pressure:	0 to 980.484	kPa
Constants:	 2 4
Parameters:
 -0.0134057
 17.7397
 -7767.66
 1.0204e+006
 -4.86011e-005
 0.0797573
 -42.87
 7587.52
Covariance matrix
0.000684505	-0.846339	340.177	-44664.3	6.42179e-006	-0.00915939	4.30227	-662.357
-0.846339	1066.7	-436787	5.82611e+007	-0.0113624	16.3287	-7776.49	1.22418e+006
340.177	-436787	1.82014e+008	-2.46342e+010	5.88363	-8493.12	4.076e+006	-6.49257e+008
-44664.3	5.82611e+007	-2.46342e+010	3.37397e+012	-915.076	1.3247e+006	-6.38684e+008	1.02428e+011
6.42179e-006	-0.0113624	5.88363	-915.076	7.7759e-007	-0.00112352	0.543934	-88.2292
-0.00915939	16.3287	-8493.12	1.3247e+006	-0.00112352	1.6245	-787.096	127783
4.30227	-7776.49	4.076e+006	-6.38684e+008	0.543934	-787.096	381700	-6.20307e+007
-662.357	1.22418e+006	-6.49257e+008	1.02428e+011	-88.2292	127783	-6.20307e+007	1.00925e+010
**************************************************
Enthalpy of vaporization or sublimation (Liquid, Gas)
Equation:	Watson
Validity range
Temperature:	146.99 to 561.982	K
Constants:		561.982
Parameters:
 4.07651
 0.920082
 -0.768503
 0.290265
Covariance matrix
0.0126576	0.058035	-0.000185982	1.64416e-007
0.058035	0.272666	-0.000888071	7.99751e-007
-0.000185982	-0.000888071	2.9265e-006	-2.67161e-009
1.64416e-007	7.99751e-007	-2.67161e-009	2.47802e-012
**************************************************
Heat capacity at saturation pressure (Liquid, Gas)
Heat capacity and derived properties (through integration) for Liquid
Equation:	CSExpansion
Validity range
Temperature:	146.99 to 550	K
Constants:		561.982
Parameters:
 4.94343
 199.451
 -0.49134
 0.00286818
 -2.70316e-006
Covariance matrix
31.9579	59.2922	-0.432133	0	0
59.2922	536.005	-2.22152	0	0
-0.432133	-2.22152	0.0106187	0	0
0	0	0	0	0
0	0	0	0	0
**************************************************
Heat capacity at constant pressure (Ideal gas)
Multi-property equation:	Wilhoit
Validity range
Temperature:	200 to 1500	K
Constants:		0	337.2	16.56	438.351
Parameters:
 4
 6.4
 271
 88.233
 -1.923
 8.29
 203
 83
**************************************************
Enthalpy (Liquid, Gas)
Heat capacity and derived properties (through integration) for Liquid
Equation:	CSExpansion
Validity range
Temperature:	146.99 to 550	K
Constants:		561.982	298.15	0	339.341
Parameters:
 4.94343
 199.451
 -0.49134
 0.00286818
 -2.70316e-006
Covariance matrix
31.9579	59.2922	-0.432133	0	0
59.2922	536.005	-2.22152	0	0
-0.432133	-2.22152	0.0106187	0	0
0	0	0	0	0
0	0	0	0	0
**************************************************
Enthalpy (Ideal gas)
Multi-property equation:	Wilhoit
Validity range
Temperature:	200 to 1500	K
Constants:		0	337.2	16.56	438.351
Parameters:
 4
 6.4
 271
 88.233
 -1.923
 8.29
 203
 83
**************************************************
Entropy (Ideal gas)
Multi-property equation:	Wilhoit
Validity range
Temperature:	200 to 1500	K
Constants:		0	337.2	16.56	438.351
Parameters:
 4
 6.4
 271
 88.233
 -1.923
 8.29
 203
 83
**************************************************
Entropy (Liquid, Gas)
Heat capacity and derived properties (through integration) for Liquid
Equation:	CSExpansion
Validity range
Temperature:	146.99 to 550	K
Constants:		561.982	298.15	0	339.341
Parameters:
 4.94343
 199.451
 -0.49134
 0.00286818
 -2.70316e-006
Covariance matrix
31.9579	59.2922	-0.432133	0	0
59.2922	536.005	-2.22152	0	0
-0.432133	-2.22152	0.0106187	0	0
0	0	0	0	0
0	0	0	0	0
**************************************************
Refractive index (Liquid, Gas)
Equation:	RIXExpansion
Validity range
Wavelength:	589.26 to 589.26	nm
Temperature:	291.139 to 298.136	K
Constants:		0
Parameters:
 1.3977
 -0.000532663
Covariance matrix
3.39656e-007	6.6356e-008
6.6356e-008	1.59695e-008
**************************************************
Surface tension (Liquid, Gas)
Equation:	Yaws.SurfaceTension
Validity range
Temperature:	292.988 to 561.982	K
Constants:		561.982
Parameters:
 -2.98086
 1.22061
Covariance matrix
0.00421154	0.00544124
0.00544124	0.00704161
**************************************************
Viscosity (Gas)
Equation:	TransportPolynomial
Validity range
Temperature:	390 to 840	K
Pressure:	0 to 101.325	kPa
Constants:		561.982
Parameters:
 -7.65747e-007
 2.38213e-008
 -4.05635e-012
Covariance matrix
1.11864e-009	-3.89253e-012	3.22022e-015
-3.89253e-012	1.36995e-014	-1.14445e-017
3.22022e-015	-1.14445e-017	9.65671e-021
**************************************************
Viscosity (Liquid, Gas)
Equation:	ViscosityL
Validity range
Temperature:	273 to 560	K
Constants:		561.982
Parameters:
 -15.1147
 5392.46
 -1.518e+006
 1.70651e+008
Covariance matrix
552.327	-591578	2.04559e+008	-2.30092e+010
-591578	6.35871e+008	-2.20517e+011	2.4866e+013
2.04559e+008	-2.20517e+011	7.66694e+013	-8.66521e+015
-2.30092e+010	2.4866e+013	-8.66521e+015	9.81426e+017
**************************************************
Thermal conductivity (Gas)
Equation:	TransportPolynomial
Validity range
Temperature:	390 to 840	K
Pressure:	0 to 0	kPa
Constants:		561.982
Parameters:
 -0.0175555
 8.91969e-005
 3.68442e-008
Covariance matrix
0.00499019	-1.79037e-005	1.52353e-008
-1.79037e-005	6.4903e-008	-5.57644e-011
1.52353e-008	-5.57644e-011	4.8433e-014
**************************************************
Thermal conductivity (Liquid, Gas)
Equation:	TransportPolynomial
Validity range
Temperature:	150 to 500	K
Constants:		561.982
Parameters:
 0.140442
 -4.82286e-005
 -1.99317e-007
Covariance matrix
0.00612718	-3.72808e-005	5.23526e-008
-3.72808e-005	2.35727e-007	-3.39205e-010
5.23526e-008	-3.39205e-010	4.9708e-013
**************************************************

Recommended values

**************************************************
Triple point temperature (Crystal 1, Liquid, Gas)

T	T uncertainty
K	K
146.99	0.12

**************************************************
Normal boiling temperature (Liquid, Gas)

TBN	TBN uncertainty
K	K
385.097	0.059

**************************************************
Critical temperature (Liquid, Gas)

TC	TC uncertainty
K	K
561.98	0.40

**************************************************
Critical pressure (Liquid, Gas)

PC	PC uncertainty
kPa	kPa
2655	60

**************************************************
Boiling temperature (Liquid, Gas)

P	TB	TB uncertainty
kPa	K	K
5.58665e-008	146.99	0.16
100	384.623	0.058
200	411.58	0.13
300	429.48	0.20
400	443.28	0.27
500	454.67	0.34
600	464.46	0.42
700	473.10	0.49
800	480.85	0.55
900	487.90	0.62
1000	494.39	0.69
1100	500.40	0.76
1200	506.00	0.82
1300	511.26	0.89
1400	516.22	0.95
1500	520.9	1.0
1600	525.4	1.1
1700	529.6	1.1
1800	533.6	1.2
1900	537.5	1.3
2000	541.2	1.3
2100	544.7	1.4
2200	548.1	1.4
2300	551.4	1.5
2400	554.5	1.5
2500	557.5	1.6
2600	560.4	1.6
2655.38	562.0	1.6

**************************************************
Phase boundary pressure (Liquid, Gas)

T	P	P uncertainty
K	kPa	kPa
150	1.215e-007	5.0e-009
160	1.273e-006	4.5e-008
180	5.86e-005	1.5e-006
200	0.001141	2.0e-005
220	0.01203	0.00015
240	0.08058	0.00068
260	0.3838	0.0021
280	1.4065	0.0049
300	4.1996	0.0096
320	10.662	0.017
340	23.768	0.029
360	47.684	0.053
380	87.77	0.13
400	150.48	0.35
420	243.22	0.87
440	374.3	1.9
460	552.7	3.9
480	788.5	7.4
500	1093	13
520	1480	22
540	1967	36
560	2584	57
561.982	2655	60

**************************************************
Critical density (Liquid, Gas)

VDC	VDC uncertainty
kg/m3	kg/m3
253	10

**************************************************
Density (Liquid, Gas)

T	VDN	VDN uncertainty
K	kg/m3	kg/m3
146.99	844	17
160	830	14
180	809	10
200	788.8	6.9
220	770.3	4.5
240	752.7	2.7
260	736.1	1.4
280	720.06	0.67
300	704.55	0.56
320	689.32	0.83
340	674.2	1.1
360	658.9	1.4
380	643.1	1.6
400	626.7	1.7
420	609.2	1.8
440	590.2	1.7
460	569.1	1.6
480	545.1	1.7
500	516.9	1.9
520	481.9	2.2
540	433.8	2.3
560	330	10
561.982	253	22

**************************************************
Density (Gas, Liquid)

T	VDN	VDN uncertainty
K	kg/m3	kg/m3
484.147	31.9	3.2
485	32.4	3.2
490	35.5	3.6
495	38.9	3.9
500	42.7	4.3
505	46.8	4.7
510	51.4	4.4
515	56.4	4.1
520	62.0	4.1
525	68.4	4.2
530	75.6	4.5
535	83.9	4.9
540	93.7	5.2
545	105.5	5.5
550	120.6	5.9
555	141.7	6.9
560	180	11
561.982	253	23

**************************************************
Density (Gas)

T	P	VDN	VDN uncertainty
K	kPa	kg/m3	kg/m3
370	50	1.9211	0.0074
380	50	1.865	0.011
390	50	1.812	0.013
390	100	3.733	0.015
400	50	1.762	0.014
400	100	3.620	0.032
400	150	5.5871	0.0078
410	50	1.715	0.014
410	100	3.514	0.040
410	150	5.409	0.047
420	50	1.670	0.013
420	100	3.415	0.043
420	150	5.243	0.071
420	200	7.166	0.066
430	50	1.628	0.012
430	100	3.322	0.043
430	150	5.089	0.080
430	200	6.94	0.11
430	250	8.879	0.099
430	300	10.926	0.020
440	50	1.588	0.011
440	100	3.235	0.040
440	150	4.945	0.081
440	200	6.73	0.12
440	250	8.59	0.16
440	300	10.54	0.15
440	350	12.592	0.081
450	50	1.5506	0.0096
450	100	3.152	0.037
450	150	4.810	0.077
450	200	6.53	0.13
450	250	8.32	0.18
450	300	10.18	0.21
450	350	12.14	0.22
450	400	14.19	0.18
450	450	16.354	0.044
460	50	1.5148	0.0084
460	100	3.075	0.033
460	150	4.684	0.071
460	200	6.35	0.12
460	250	8.07	0.18
460	300	9.86	0.23
460	350	11.72	0.28
460	400	13.66	0.31
460	450	15.70	0.30
460	500	17.85	0.22
460	550	20.125	0.041
470	50	1.4807	0.0073
470	100	3.002	0.029
470	150	4.566	0.064
470	200	6.18	0.11
470	250	7.84	0.17
470	300	9.56	0.23
470	350	11.34	0.30
470	400	13.19	0.36
470	450	15.12	0.41
470	500	17.14	0.43
470	550	19.26	0.41
470	600	21.49	0.31
470	650	23.859	0.098
480	50	1.4483	0.0064
480	100	2.932	0.025
480	150	4.455	0.057
480	200	6.020	0.10
480	250	7.63	0.15
480	300	9.29	0.22
480	350	11.00	0.29
480	400	12.77	0.36
480	450	14.60	0.44
480	500	16.51	0.51
480	550	18.49	0.56
480	600	20.57	0.59
480	650	22.75	0.58
480	700	25.05	0.49
480	750	27.50	0.29
490	50	1.4174	0.0056
490	100	2.867	0.022
490	150	4.351	0.050
490	200	5.872	0.089
490	250	7.43	0.14
490	300	9.03	0.20
490	350	10.68	0.27
490	400	12.38	0.34
490	450	14.13	0.43
490	500	15.95	0.51
490	550	17.82	0.60
490	600	19.77	0.68
490	650	21.80	0.75
490	700	23.92	0.80
490	750	26.15	0.82
490	800	28.50	0.79
490	850	30.98	0.72
490	900	33.63	0.70
500	50	1.3879	0.0050
500	100	2.805	0.020
500	150	4.253	0.045
500	200	5.734	0.080
500	250	7.25	0.13
500	300	8.80	0.18
500	350	10.39	0.24
500	400	12.03	0.32
500	450	13.71	0.40
500	500	15.44	0.48
500	550	17.23	0.58
500	600	19.07	0.67
500	650	20.98	0.77
500	700	22.96	0.87
500	750	25.02	0.98
500	800	27.2	1.1
500	850	29.4	1.2
500	900	31.8	1.4
500	950	34.3	1.6
500	980.484	35.9	1.9
510	50	1.3598	0.0047
510	100	2.746	0.019
510	150	4.160	0.042
510	200	5.604	0.074
510	250	7.08	0.11
510	300	8.59	0.16
510	350	10.13	0.22
510	400	11.71	0.29
510	450	13.33	0.36
510	500	14.99	0.44
510	550	16.70	0.52
510	600	18.45	0.62
510	650	20.26	0.72
510	700	22.12	0.84
510	750	24.05	0.98
510	800	26.0	1.2
510	850	28.1	1.4
510	900	30.3	1.7
510	950	32.5	2.1
510	980.484	33.9	2.5
520	50	1.3328	0.0046
520	100	2.690	0.018
520	150	4.073	0.040
520	200	5.482	0.070
520	250	6.92	0.11
520	300	8.39	0.15
520	350	9.88	0.20
520	400	11.41	0.26
520	450	12.98	0.32
520	500	14.58	0.39
520	550	16.22	0.47
520	600	17.90	0.56
520	650	19.62	0.67
520	700	21.39	0.81
520	750	23.21	0.98
520	800	25.1	1.2
520	850	27.0	1.5
520	900	29.0	1.9
520	950	31.1	2.5
520	980.484	32.4	2.9
530	50	1.3071	0.0048
530	100	2.637	0.019
530	150	3.989	0.041
530	200	5.367	0.070
530	250	6.77	0.11
530	300	8.20	0.15
530	350	9.66	0.20
530	400	11.14	0.25
530	450	12.66	0.30
530	500	14.21	0.37
530	550	15.79	0.45
530	600	17.40	0.55
530	650	19.06	0.68
530	700	20.75	0.85
530	750	22.5	1.1
530	800	24.3	1.4
530	850	26.1	1.8
530	900	28.0	2.3
530	950	29.9	3.0
530	980.484	31.1	3.5
540	50	1.2823	0.0052
540	100	2.586	0.020
540	150	3.911	0.043
540	200	5.258	0.074
540	250	6.63	0.11
540	300	8.02	0.15
540	350	9.44	0.20
540	400	10.89	0.25
540	450	12.36	0.31
540	500	13.87	0.39
540	550	15.40	0.48
540	600	16.96	0.61
540	650	18.55	0.78
540	700	20.2	1.0
540	750	21.8	1.3
540	800	23.5	1.7
540	850	25.3	2.3
540	900	27.1	2.9
540	950	28.9	3.7
540	980.484	30.0	4.3
550	50	1.2586	0.0057
550	100	2.537	0.022
550	150	3.835	0.047
550	200	5.155	0.080
550	250	6.50	0.12
550	300	7.86	0.16
550	350	9.25	0.22
550	400	10.66	0.28
550	450	12.09	0.35
550	500	13.55	0.45
550	550	15.04	0.58
550	600	16.56	0.76
550	650	18.10	0.99
550	700	19.7	1.3
550	750	21.3	1.7
550	800	22.9	2.2
550	850	24.6	2.9
550	900	26.3	3.7
550	950	28.0	4.6
550	980.484	29.1	5.4
560	50	1.2358	0.0063
560	100	2.490	0.024
560	150	3.764	0.052
560	200	5.057	0.088
560	250	6.37	0.13
560	300	7.71	0.19
560	350	9.06	0.25
560	400	10.44	0.33
560	450	11.84	0.43
560	500	13.27	0.56
560	550	14.72	0.73
560	600	16.19	0.97
560	650	17.7	1.3
560	700	19.2	1.7
560	750	20.8	2.2
560	800	22.4	2.8
560	850	24.0	3.6
560	900	25.6	4.6
560	950	27.3	5.7
560	980.484	28.3	6.6

**************************************************
Enthalpy of vaporization or sublimation (Liquid, Gas)

T	HVP	HVP uncertainty
K	kJ/mol	kJ/mol
146.99	47.1	1.0
160	46.23	0.84
180	44.92	0.59
200	43.64	0.41
220	42.39	0.31
240	41.16	0.26
260	39.94	0.24
280	38.72	0.22
300	37.50	0.21
320	36.26	0.19
340	34.99	0.18
360	33.68	0.18
380	32.31	0.18
400	30.86	0.20
420	29.31	0.21
440	27.61	0.22
460	25.74	0.24
480	23.60	0.32
500	21.09	0.46
520	17.99	0.68
540	13.72	0.95
560	4.84	0.95
561.982	0.0	0.0

**************************************************
Heat capacity at saturation pressure (Liquid, Gas)

T	CS	CS uncertainty
K	J/K/mol	J/K/mol
146.99	187	13
160	190	11
180	195.4	9.8
200	202.0	8.1
220	209.5	6.4
240	218.0	4.9
260	227.3	3.4
280	237.3	2.3
300	247.8	2.0
320	258.8	2.7
340	270.2	3.7
360	281.9	4.9
380	293.8	6.1
400	306.0	7.4
420	318.3	8.7
440	331	10
460	344	13
480	359	18
500	378	27
520	406	49
540	471	115
550	579	234

**************************************************
Heat capacity at constant pressure (Ideal gas)

T	CP	CP uncertainty
K	J/K/mol	J/K/mol
200	129.2	1.3
200	129.2	1.3
300	192.0	1.9
400	248.8	2.5
500	297.4	3.0
600	338.7	3.4
700	373.8	3.7
800	403.8	4.0
900	429.8	4.3
1000	452.4	4.5
1100	472.2	4.7
1200	489.7	4.9
1300	505.2	5.1
1400	519.1	5.2
1500	531.6	5.3

**************************************************
Enthalpy (Liquid, Gas)

T	H	H uncertainty
K	kJ/mol	kJ/mol
146.99	-32.2	2.2
160	-29.7	1.8
180	-25.8	1.3
200	-21.87	0.87
220	-17.76	0.54
240	-13.49	0.30
260	-9.04	0.14
280	-4.392	0.043
300	0.4575	0.0037
320	5.523	0.057
340	10.81	0.15
360	16.33	0.29
380	22.09	0.46
400	28.09	0.68
420	34.33	0.94
440	40.8	1.3
460	47.6	1.8
480	54.6	2.7
500	62.0	4.5
520	69.8	8.4
540	78	19
550	84	34

**************************************************
Enthalpy (Ideal gas)

T	H	H uncertainty
K	kJ/mol	kJ/mol
200	17.35	0.17
200	17.35	0.17
300	33.43	0.33
400	55.54	0.56
500	82.92	0.83
600	114.8	1.1
700	150.4	1.5
800	189.4	1.9
900	231.1	2.3
1000	275.2	2.8
1100	321.5	3.2
1200	369.6	3.7
1300	419.3	4.2
1400	470.6	4.7
1500	523.1	5.2

**************************************************
Entropy (Liquid, Gas)

T	S	S uncertainty
K	J/K/mol	J/K/mol
146.99	191	14
160	207	12
180	230.0	9.9
200	250.9	8.0
220	270.5	6.5
240	289.1	5.6
260	306.9	4.9
280	324.1	4.6
300	340.9	4.5
320	357.2	4.6
340	373.2	4.9
360	389.0	5.3
380	404.6	5.8
400	420.0	6.4
420	435.2	7.1
440	450.3	7.9
460	465.3	9.2
480	480	11
500	495	16
520	511	25
540	527	50
550	536	84

**************************************************
Refractive index (Liquid, Gas)

WL	T	RIX	RIX uncertainty
nm	K		
589.26	291.139	1.40144	0.00044
589.26	291.5	1.40125	0.00040
589.26	292	1.40098	0.00036
589.26	292.5	1.40071	0.00032
589.26	293	1.40045	0.00028
589.26	293.5	1.40018	0.00026
589.26	294	1.39991	0.00025
589.26	294.5	1.39965	0.00026
589.26	295	1.39938	0.00028
589.26	295.5	1.39911	0.00032
589.26	296	1.39885	0.00036
589.26	296.5	1.39858	0.00041
589.26	297	1.39832	0.00046
589.26	297.5	1.39805	0.00051
589.26	298	1.39778	0.00057
589.26	298.136	1.39771	0.00058

**************************************************
Surface tension (Liquid, Gas)

T	IST	IST uncertainty
K	N/m	N/m
292.988	0.020647	8.3e-005
300	0.019992	5.5e-005
310	0.019064	6.9e-005
320	0.01815	0.00012
330	0.01723	0.00017
340	0.01633	0.00022
350	0.01544	0.00027
360	0.01455	0.00031
370	0.01368	0.00035
380	0.01281	0.00038
390	0.01196	0.00041
400	0.01112	0.00044
410	0.01029	0.00046
420	0.00947	0.00048
430	0.00866	0.00049
440	0.00786	0.00050
450	0.00708	0.00050
460	0.00632	0.00050
470	0.00557	0.00049
480	0.00484	0.00047
490	0.00413	0.00044
500	0.00344	0.00041
510	0.00278	0.00037
520	0.00214	0.00033
530	0.00153	0.00027
540	0.00097	0.00020
550	0.00046	0.00012
560	5.1e-005	2.1e-005
561.982	0.0	0.0

**************************************************
Viscosity (Gas)

T	P	NVC	NVC uncertainty
K	kPa	Pa*s	Pa*s
390	101.325	7.9e-006	3.4e-006
400	101.325	8.1e-006	3.1e-006
420	101.325	8.5e-006	2.5e-006
440	101.325	8.9e-006	2.1e-006
460	101.325	9.3e-006	1.9e-006
480	101.325	9.7e-006	1.8e-006
500	101.325	1.01e-005	1.9e-006
520	101.325	1.05e-005	2.0e-006
540	101.325	1.09e-005	2.1e-006
560	101.325	1.13e-005	2.2e-006
580	101.325	1.17e-005	2.3e-006
600	101.325	1.21e-005	2.3e-006
620	101.325	1.24e-005	2.4e-006
640	101.325	1.28e-005	2.3e-006
660	101.325	1.32e-005	2.3e-006
680	101.325	1.36e-005	2.3e-006
700	101.325	1.39e-005	2.3e-006
720	101.325	1.43e-005	2.4e-006
740	101.325	1.46e-005	2.6e-006
760	101.325	1.50e-005	3.0e-006
780	101.325	1.53e-005	3.4e-006
800	101.325	1.57e-005	4.0e-006
820	101.325	1.60e-005	4.8e-006
840	101.325	1.64e-005	5.6e-006

**************************************************
Viscosity (Liquid, Gas)

T	NVC	NVC uncertainty
K	Pa*s	Pa*s
273	0.000647	9.9e-005
280	0.000585	6.6e-005
290	0.000514	5.6e-005
300	0.000459	5.3e-005
310	0.000415	5.1e-005
320	0.000378	5.4e-005
330	0.000348	6.1e-005
340	0.000321	7.0e-005
350	0.000298	7.8e-005
360	0.000277	8.4e-005
370	0.000259	8.8e-005
380	0.000242	9.0e-005
390	0.000227	8.9e-005
400	0.000213	8.7e-005
410	0.000200	8.3e-005
420	0.000188	7.8e-005
430	0.000177	7.3e-005
440	0.000167	6.8e-005
450	0.000158	6.3e-005
460	0.000149	5.9e-005
470	0.000141	5.5e-005
480	0.000133	5.4e-005
490	0.000126	5.4e-005
500	0.000119	5.5e-005
510	0.000113	5.8e-005
520	0.000107	6.1e-005
530	0.000101	6.5e-005
540	9.6e-005	7.0e-005
550	9.1e-005	7.4e-005
560	8.7e-005	7.8e-005

**************************************************
Thermal conductivity (Gas)

T	P	NTC	NTC uncertainty
K	kPa	W/m/K	W/m/K
390	101.325	0.0228	0.0060
400	101.325	0.0240	0.0054
420	101.325	0.0264	0.0044
440	101.325	0.0288	0.0037
460	101.325	0.0313	0.0035
480	101.325	0.0337	0.0037
500	101.325	0.0363	0.0040
520	101.325	0.0388	0.0043
540	101.325	0.0414	0.0046
560	101.325	0.0439	0.0049
580	101.325	0.0466	0.0051
600	101.325	0.0492	0.0052
620	101.325	0.0519	0.0052
640	101.325	0.0546	0.0052
660	101.325	0.0574	0.0053
680	101.325	0.0601	0.0054
700	101.325	0.0629	0.0057
720	101.325	0.0658	0.0062
740	101.325	0.0686	0.0070
760	101.325	0.0715	0.0080
780	101.325	0.0744	0.0093
800	101.325	0.077	0.011
820	101.325	0.080	0.013
840	101.325	0.083	0.015

**************************************************
Thermal conductivity (Liquid, Gas)

T	NTC	NTC uncertainty
K	W/m/K	W/m/K
150	0.129	0.024
170	0.126	0.019
190	0.124	0.016
210	0.122	0.013
230	0.119	0.011
250	0.116	0.010
270	0.113	0.010
290	0.110	0.010
310	0.106	0.010
330	0.103	0.010
350	0.099	0.010
370	0.0953	0.0099
390	0.0913	0.0092
410	0.0872	0.0086
430	0.0829	0.0082
450	0.0784	0.0087
470	0.074	0.010
490	0.069	0.013
500	0.066	0.015




Alternative equations 



Multi-property models 

