3,6-dimethyloctane
Alternative names:
octane, 3,6-dimethyl-
3,6-dimethyloctane
C10H22
Molecular mass:	142.286
DIPPR family:	DA (DIMETHYLALKANES)
DIPPR subgroup:	none ()

Prediction report:

Joback: 4 CH3 4 CH2 2 CH

Marrero-Pardillo:
2 2: CH3 CH2
2 3: CH3 CH
1 29: CH2 CH2
4 30: CH2 CH

Constantinou-Gani:
(1 order)
4 CH3
4 CH2
2 CH
(2 order)

UNIFAC:  4 1 4 2 2 3

NIST-KT-UNIFAC:  4 1 4 2 2 3

Wilson-Jasperson: 10 C 22 H
Symmetry number used for S prediction: 162
Benson S(gas, 298.15): 535.175J/K/mol
Experimental data file:	

SINGLE-VALUE PROPERTIES

Predicted enthalpy of formation (G):	-257.6	(7.0) kJ/mol
Predicted enthalpy of formation (L):	-302.6	(7.6) kJ/mol

Benson contributions (gas, liq)
CH3-C	-41.8	-48.5
CH2-C2	-23.1	-27.23
CH-C3	-10.5	-10.37
CH2-C2	-23.1	-27.23
CH2-C2	-23.1	-27.23
CH-C3	-10.5	-10.37
CH2-C2	-23.1	-27.23
CH3-C	-41.8	-48.5
CH3-C	-41.8	-48.5
CH3-C	-41.8	-48.5

Ring corrections (gas, liq)

Interaction corrections (gas, liq)
9	C-X-X-C	2.56	2.01

Acentric factor:	0.381376
Normal boiling point:	428.643	(6.48374) K
Critical compressibility:	0.259307 (0.0075745)

DEFAULT EQUATIONS

Phase boundary pressure (Liquid, Gas)
Equation:	Wagner25
Validity range
Temperature:	190 to 607	K
Constants:		607
Parameters:
 7.69462
 -7.99008
 2.0753
 -3.28904
 -3.44279
Covariance matrix
0.440197	-2.779	3.22389	0	0
-2.779	19.7804	-23.4859	0	0
3.22389	-23.4859	28.0864	0	0
0	0	0	0	0
0	0	0	0	0
**************************************************
Density (Liquid, Gas)
Equation:	VDNSExpansion
Validity range
Temperature:	190 to 607	K
Constants:	 607
Parameters:
 238.804
 524.089
 118.569
 98.5252
 -49.8745
Covariance matrix
361.024	-1486.59	3270.81	-4897.06	3158.22
-1486.59	13033.5	-45057.3	86453.5	-62633.3
3270.81	-45057.3	183627	-385851	293715
-4897.06	86453.5	-385851	866884	-692041
3158.22	-62633.3	293715	-692041	574516
**************************************************
Density (Gas, Liquid)
Equation:	VDNSExpansion
Validity range
Temperature:	487.207 to 607	K
Constants:	 607
Parameters:
 238.804
 -513.861
 339.497
 9.43787
**************************************************
Enthalpy of vaporization or sublimation (Liquid, Gas)
Equation:	Watson
Validity range
Temperature:	255 to 607	K
Constants:		607
Parameters:
 4.09741
 0.399326
 0.115572
 -0.112341
Covariance matrix
2.6151	9.67943	-0.0244267	1.60406e-005
9.67943	36.4032	-0.0929714	6.21331e-005
-0.0244267	-0.0929714	0.000239675	-1.62373e-007
1.60406e-005	6.21331e-005	-1.62373e-007	1.12165e-010
**************************************************
Heat capacity at saturation pressure (Liquid, Gas)
Heat capacity and derived properties (through integration) for Liquid
Equation:	CSExpansion
Validity range
Temperature:	250 to 594.86	K
Constants:		607
Parameters:
 5.24825
 112.329
 0.529426
 0.000357095
 -5.49268e-007
Covariance matrix
43.0139	178.974	-0.844582	0	0
178.974	2341.66	-7.62624	0	0
-0.844582	-7.62624	0.0276804	0	0
0	0	0	0	0
0	0	0	0	0
**************************************************
Heat capacity at constant pressure (Ideal gas)
Multi-property equation:	Wilhoit
Validity range
Temperature:	200 to 1500	K
Constants:		0	1005.3	28.01	533.16
Parameters:
 4
 148.6
 648
 78.055
 41.819
 -58.31
 79
 209
**************************************************
Enthalpy (Liquid, Gas)
Heat capacity and derived properties (through integration) for Liquid
Equation:	CSExpansion
Validity range
Temperature:	250 to 594.86	K
Constants:		607	298.15	0	424.744
Parameters:
 5.24825
 112.329
 0.529426
 0.000357095
 -5.49268e-007
Covariance matrix
43.0139	178.974	-0.844582	0	0
178.974	2341.66	-7.62624	0	0
-0.844582	-7.62624	0.0276804	0	0
0	0	0	0	0
0	0	0	0	0
**************************************************
Enthalpy (Ideal gas)
Multi-property equation:	Wilhoit
Validity range
Temperature:	200 to 1500	K
Constants:		0	1005.3	28.01	533.16
Parameters:
 4
 148.6
 648
 78.055
 41.819
 -58.31
 79
 209
**************************************************
Entropy (Ideal gas)
Multi-property equation:	Wilhoit
Validity range
Temperature:	200 to 1500	K
Constants:		0	1005.3	28.01	533.16
Parameters:
 4
 148.6
 648
 78.055
 41.819
 -58.31
 79
 209
**************************************************
Entropy (Liquid, Gas)
Heat capacity and derived properties (through integration) for Liquid
Equation:	CSExpansion
Validity range
Temperature:	250 to 594.86	K
Constants:		607	298.15	0	424.744
Parameters:
 5.24825
 112.329
 0.529426
 0.000357095
 -5.49268e-007
Covariance matrix
43.0139	178.974	-0.844582	0	0
178.974	2341.66	-7.62624	0	0
-0.844582	-7.62624	0.0276804	0	0
0	0	0	0	0
0	0	0	0	0
**************************************************
Viscosity (Gas)
Equation:	TransportPolynomial
Validity range
Temperature:	430 to 910	K
Pressure:	0 to 101.325	kPa
Constants:		607
Parameters:
 -7.57238e-007
 2.14639e-008
 -3.40664e-012
Covariance matrix
1.14261e-009	-3.63776e-012	2.76002e-015
-3.63776e-012	1.17069e-014	-8.96531e-018
2.76002e-015	-8.96531e-018	6.93145e-021
**************************************************
Viscosity (Liquid, Gas)
Equation:	ViscosityL
Validity range
Temperature:	270 to 600	K
Constants:		607
Parameters:
 -15.1274
 4960.92
 -1.24261e+006
 1.38615e+008
Covariance matrix
699.568	-836404	3.23125e+008	-4.03863e+010
-836404	1.00531e+009	-3.90341e+011	4.90124e+013
3.23125e+008	-3.90341e+011	1.5232e+014	-1.92162e+016
-4.03863e+010	4.90124e+013	-1.92162e+016	2.43544e+018
**************************************************
Thermal conductivity (Gas)
Equation:	TransportPolynomial
Validity range
Temperature:	430 to 910	K
Pressure:	0 to 0	kPa
Constants:		607
Parameters:
 -0.0192859
 9.07469e-005
 2.06243e-008
Covariance matrix
0.00522341	-1.70893e-005	1.32941e-008
-1.70893e-005	5.64665e-008	-4.43321e-011
1.32941e-008	-4.43321e-011	3.51618e-014
**************************************************
Thermal conductivity (Liquid, Gas)
Equation:	TransportPolynomial
Validity range
Temperature:	200 to 540	K
Constants:		607
Parameters:
 0.14537
 -3.33752e-005
 -1.98862e-007
Covariance matrix
0.0119118	-6.38289e-005	8.03663e-008
-6.38289e-005	3.50586e-007	-4.49017e-010
8.03663e-008	-4.49017e-010	5.8293e-013
**************************************************

Recommended values

**************************************************
Normal boiling temperature (Liquid, Gas)

TBN	TBN uncertainty
K	K
429.0	6.0

**************************************************
Critical temperature (Liquid, Gas)

TC	TC uncertainty
K	K
607	10

**************************************************
Critical pressure (Liquid, Gas)

PC	PC uncertainty
kPa	kPa
2197	1457

**************************************************
Boiling temperature (Liquid, Gas)

P	TB	TB uncertainty
kPa	K	K
7.0704e-006	190.0	3.4
100	428.5	6.0
200	458.1	7.6
300	477.8	9.3
400	493	11
500	505	13
600	516	15
700	526	17
800	534	19
900	542	21
1000	549	22
1100	556	24
1200	562	26
1300	567	27
1400	573	29
1500	578	31
1600	583	32
1700	587	33
1800	592	35
1900	596	36
2000	600	37
2100	604	38
2196.51	607	39

**************************************************
Phase boundary pressure (Liquid, Gas)

T	P	P uncertainty
K	kPa	kPa
190	7.1e-006	5.7e-006
200	3.7e-005	2.6e-005
220	0.00062	0.00033
240	0.0060	0.0024
260	0.038	0.012
280	0.180	0.047
300	0.66	0.15
320	2.00	0.42
340	5.2	1.0
360	11.8	2.2
380	24.3	4.3
400	45.8	7.8
420	80	13
440	133	22
460	208	37
480	313	64
500	454	111
520	639	189
540	875	313
560	1172	507
580	1543	800
600	2006	1246
607	2197	1457

**************************************************
Critical density (Liquid, Gas)

VDC	VDC uncertainty
kg/m3	kg/m3
238.8	7.0

**************************************************
Density (Liquid, Gas)

T	VDN	VDN uncertainty
K	kg/m3	kg/m3
190	810	19
200	803	16
220	789	11
240	774.9	6.8
260	760.4	4.0
280	745.5	2.3
300	730.4	2.1
320	714.8	2.8
340	698.9	3.7
360	682.6	4.6
380	665.8	5.6
400	648.4	6.4
420	630.3	7.1
440	611.5	7.5
460	591.6	7.7
480	570.6	7.7
500	548.0	7.5
520	523.2	7.7
540	495.4	8.6
560	463	11
580	421	13
600	350	14
607	239	19

**************************************************
Density (Gas, Liquid)

T	VDN	VDN uncertainty
K	kg/m3	kg/m3
487.207	14.98	0.38
490	15.79	0.40
500	19.04	0.48
510	22.84	0.58
520	27.30	0.69
530	32.56	0.83
540	38.79	0.98
550	46.2	1.2
560	55.3	1.4
570	66.5	1.7
580	81.1	2.1
590	101.3	2.6
600	134.9	3.4
607	238.8	6.1

**************************************************
Enthalpy of vaporization or sublimation (Liquid, Gas)

T	HVP	HVP uncertainty
K	kJ/mol	kJ/mol
255	47.7	6.2
260	47.4	5.7
280	46.2	3.9
300	44.9	2.9
320	43.6	2.3
340	42.3	2.2
360	40.9	2.1
380	39.5	2.1
400	38.0	1.9
420	36.5	1.8
440	34.8	1.7
460	33.1	1.7
480	31.2	1.7
500	29.1	1.7
520	26.8	1.7
540	24.2	1.6
560	21.1	1.8
580	16.9	3.3
600	9.9	6.5
607	0.0	0.0

**************************************************
Heat capacity at saturation pressure (Liquid, Gas)

T	CS	CS uncertainty
K	J/K/mol	J/K/mol
250	267	17
260	274	15
280	286	13
300	299	11
320	311	10
340	324.0	9.3
360	336.5	9.1
380	349.0	9.5
400	361	10
420	374	11
440	387	13
460	400	14
480	413	15
500	427	16
520	444	19
540	463	26
560	492	45
580	550	103
594.86	700	280

**************************************************
Heat capacity at constant pressure (Ideal gas)

T	CP	CP uncertainty
K	J/K/mol	J/K/mol
200	154.2	1.5
200	154.2	1.5
300	229.6	2.3
400	298.0	3.0
500	357.1	3.6
600	407.6	4.1
700	449.7	4.5
800	485.0	4.9
900	514.8	5.1
1000	540.3	5.4
1100	562.5	5.6
1200	582.2	5.8
1300	599.8	6.0
1400	615.7	6.2
1500	630.3	6.3

**************************************************
Enthalpy (Liquid, Gas)

T	H	H uncertainty
K	kJ/mol	kJ/mol
250	-13.60	0.84
260	-10.90	0.61
280	-5.30	0.25
300	0.552	0.021
320	6.65	0.22
340	13.01	0.37
360	19.61	0.53
380	26.47	0.72
400	33.57	0.96
420	40.9	1.3
440	48.5	1.6
460	56.4	1.9
480	64.5	2.3
500	72.9	2.7
520	81.6	3.5
540	90.7	5.1
560	100.2	9.2
580	111	21
594.86	120	48

**************************************************
Enthalpy (Ideal gas)

T	H	H uncertainty
K	kJ/mol	kJ/mol
200	22.48	0.22
200	22.48	0.22
300	41.63	0.42
400	68.10	0.68
500	100.9	1.0
600	139.2	1.4
700	182.2	1.8
800	229.0	2.3
900	279.0	2.8
1000	331.8	3.3
1100	386.9	3.9
1200	444.2	4.4
1300	503.3	5.0
1400	564.1	5.6
1500	626.4	6.3

**************************************************
Entropy (Liquid, Gas)

T	S	S uncertainty
K	J/K/mol	J/K/mol
250	375	14
260	386	14
280	406	12
300	427	11
320	446	12
340	466	13
360	484	13
380	503	13
400	521	14
420	539	15
440	557	16
460	574	16
480	592	17
500	609	18
520	626	20
540	643	24
560	660	33
580	678	59
594.86	694	119

**************************************************
Viscosity (Gas)

T	P	NVC	NVC uncertainty
K	kPa	Pa*s	Pa*s
430	101.325	7.8e-006	3.3e-006
440	101.325	8.0e-006	3.0e-006
460	101.325	8.4e-006	2.5e-006
480	101.325	8.8e-006	2.1e-006
500	101.325	9.1e-006	1.9e-006
520	101.325	9.5e-006	1.8e-006
540	101.325	9.8e-006	1.8e-006
560	101.325	1.02e-005	1.9e-006
580	101.325	1.05e-005	2.0e-006
600	101.325	1.09e-005	2.1e-006
620	101.325	1.12e-005	2.2e-006
640	101.325	1.16e-005	2.2e-006
660	101.325	1.19e-005	2.3e-006
680	101.325	1.23e-005	2.3e-006
700	101.325	1.26e-005	2.2e-006
720	101.325	1.29e-005	2.2e-006
740	101.325	1.33e-005	2.2e-006
760	101.325	1.36e-005	2.2e-006
780	101.325	1.39e-005	2.3e-006
800	101.325	1.42e-005	2.5e-006
820	101.325	1.46e-005	2.8e-006
840	101.325	1.49e-005	3.2e-006
860	101.325	1.52e-005	3.7e-006
880	101.325	1.55e-005	4.3e-006
900	101.325	1.58e-005	5.0e-006
910	101.325	1.60e-005	5.4e-006

**************************************************
Viscosity (Liquid, Gas)

T	NVC	NVC uncertainty
K	Pa*s	Pa*s
270	0.0012	0.0015
280	0.00096	0.00084
300	0.00070	0.00040
320	0.00054	0.00029
340	0.00043	0.00021
360	0.00035	0.00015
380	0.00029	0.00011
400	0.000242	8.8e-005
420	0.000206	7.6e-005
440	0.000176	6.7e-005
460	0.000152	5.8e-005
480	0.000132	4.9e-005
500	0.000115	4.1e-005
520	0.000101	3.7e-005
540	8.9e-005	3.7e-005
560	7.9e-005	4.0e-005
580	7.1e-005	4.5e-005
600	6.3e-005	5.1e-005

**************************************************
Thermal conductivity (Gas)

T	P	NTC	NTC uncertainty
K	kPa	W/m/K	W/m/K
430	101.325	0.0235	0.0060
440	101.325	0.0246	0.0054
460	101.325	0.0268	0.0044
480	101.325	0.0290	0.0038
500	101.325	0.0312	0.0035
520	101.325	0.0335	0.0035
540	101.325	0.0357	0.0038
560	101.325	0.0380	0.0041
580	101.325	0.0403	0.0044
600	101.325	0.0426	0.0046
620	101.325	0.0449	0.0048
640	101.325	0.0472	0.0050
660	101.325	0.0496	0.0050
680	101.325	0.0520	0.0051
700	101.325	0.0543	0.0051
720	101.325	0.0567	0.0051
740	101.325	0.0592	0.0052
760	101.325	0.0616	0.0054
780	101.325	0.0640	0.0058
800	101.325	0.0665	0.0065
820	101.325	0.0690	0.0073
840	101.325	0.0715	0.0084
860	101.325	0.0740	0.0098
880	101.325	0.077	0.011
900	101.325	0.079	0.013
910	101.325	0.080	0.014

**************************************************
Thermal conductivity (Liquid, Gas)

T	NTC	NTC uncertainty
K	W/m/K	W/m/K
200	0.131	0.024
200	0.131	0.024
220	0.128	0.019
240	0.126	0.016
260	0.123	0.013
280	0.120	0.011
300	0.117	0.010
320	0.114	0.010
340	0.111	0.010
360	0.108	0.011
380	0.104	0.011
400	0.100	0.010
420	0.0963	0.0099
440	0.0922	0.0092
460	0.0879	0.0086
480	0.0835	0.0085
500	0.0790	0.0096
520	0.074	0.012
540	0.069	0.015




Alternative equations 



Multi-property models 

