decalin
Alternative names:
naphthalene, decahydro-
bicyclo[4.4.0]decane
decaline
decalin
perhydronaphthalene
decahydronaphthalene
C10H18
Molecular mass:	138.254
DIPPR family:	RA (MULTIRING CYCLOALKANES)
DIPPR subgroup:	none ()

Prediction report:

Joback: 8 CH2(ring) 2 CH(ring)

Marrero-Pardillo:
Not defined

Constantinou-Gani:
(1 order)
8 CH2
2 CH
(2 order)

UNIFAC:  8 2 2 3

NIST-KT-UNIFAC:  8 27 2 28

Wilson-Jasperson: 10 C 18 H
Symmetry number used for S prediction: 2
Benson S(gas, 298.15): 366.126J/K/mol
Experimental data file:	

SINGLE-VALUE PROPERTIES

Acentric factor:	0.451538
Normal boiling point:	464.987	(1.48464) K
Critical compressibility:	0.196594 (0.00759558)

DEFAULT EQUATIONS

Phase boundary pressure (Liquid, Gas)
Equation:	Wagner25
Validity range
Temperature:	149.1 to 645.134	K
Constants:		645.134
Parameters:
 7.64302
 -9.47006
 4.45584
 -4.50193
 -3.63448
Covariance matrix
0.0322399	-0.221456	0.27067	0	0
-0.221456	1.69637	-2.14949	0	0
0.27067	-2.14949	2.7567	0	0
0	0	0	0	0
0	0	0	0	0
**************************************************
Density (Liquid, Gas)
Equation:	VDNSExpansion
Validity range
Temperature:	149.1 to 645.134	K
Constants:	 645.134
Parameters:
 273.482
 696.979
 247.493
 -670.348
 674.982
Covariance matrix
10235.8	-31480.7	46980.4	-48656.3	25114.3
-31480.7	594665	-1.9455e+006	3.17532e+006	-2.05023e+006
46980.4	-1.9455e+006	6.75537e+006	-1.12709e+007	7.3574e+006
-48656.3	3.17532e+006	-1.12709e+007	1.90505e+007	-1.25568e+007
25114.3	-2.05023e+006	7.3574e+006	-1.25568e+007	8.3474e+006
**************************************************
Density (Gas)
Equation:	VirialV
Validity range
Temperature:	352.526 to 635.524	K
Pressure:	0 to 332.201	kPa
Constants:	 2 4
Parameters:
 0.00765516
 -8.32535
 1616.07
 111744
 -0.000150045
 0.231205
 -116.357
 19118.7
Covariance matrix
1.33081	-2005.79	991772	-1.60457e+008	-0.00833243	9.21165	-2426.87	-60805.2
-2005.79	3.02712e+006	-1.49865e+009	2.42752e+011	12.2435	-13413.2	3.41747e+006	1.33866e+008
991772	-1.49865e+009	7.42864e+011	-1.20479e+014	-5985.48	6.54685e+006	-1.6545e+009	-7.1168e+010
-1.60457e+008	2.42752e+011	-1.20479e+014	1.95657e+016	978312	-1.08108e+009	2.82315e+011	8.43131e+012
-0.00833243	12.2435	-5985.48	978312	0.000512346	-0.828262	446.118	-80101.6
9.21165	-13413.2	6.54685e+006	-1.08108e+009	-0.828262	1356.41	-740848	1.35014e+008
-2426.87	3.41747e+006	-1.6545e+009	2.82315e+011	446.118	-740848	4.10629e+008	-7.5988e+010
-60805.2	1.33866e+008	-7.1168e+010	8.43131e+012	-80101.6	1.35014e+008	-7.5988e+010	1.42818e+013
**************************************************
Density (Gas, Liquid)
Equation:	VDNSExpansion
Validity range
Temperature:	512.405 to 645.134	K
Constants:	 645.134
Parameters:
 273.482
 -756.005
 1287.17
 -4246.04
 14165.4
 -20823.8
Covariance matrix
476.391	-2799.5	13458.5	-84915.3	330770	-514726
-2799.5	17830	-94238.2	645668	-2.64036e+006	4.24365e+006
13458.5	-94238.2	551259	-4.10316e+006	1.75999e+007	-2.91958e+007
-84915.3	645668	-4.10316e+006	3.26567e+007	-1.45733e+008	2.48364e+008
330770	-2.64036e+006	1.75999e+007	-1.45733e+008	6.66434e+008	-1.15559e+009
-514726	4.24365e+006	-2.91958e+007	2.48364e+008	-1.15559e+009	2.02922e+009
**************************************************
Enthalpy of vaporization or sublimation (Liquid, Gas)
Equation:	Watson
Validity range
Temperature:	149.1 to 645.134	K
Constants:		645.134
Parameters:
 4.44856
 1.5367
 -1.76726
 0.669584
Covariance matrix
0.240168	1.08653	-0.00296199	2.18776e-006
1.08653	5.14864	-0.0144086	1.09493e-005
-0.00296199	-0.0144086	4.09579e-005	-3.16546e-008
2.18776e-006	1.09493e-005	-3.16546e-008	2.49119e-011
**************************************************
Heat capacity at saturation pressure (Liquid, Gas)
Heat capacity and derived properties (through integration) for Liquid
Equation:	CSExpansion
Validity range
Temperature:	149.1 to 630	K
Constants:		645.134
Parameters:
 0.368008
 205.625
 -0.186775
 0.000797949
 3.97298e-007
Covariance matrix
121.745	179.627	-1.47281	0	0
179.627	1515.89	-5.78367	0	0
-1.47281	-5.78367	0.0293227	0	0
0	0	0	0	0
0	0	0	0	0
**************************************************
Heat capacity at constant pressure (Ideal gas)
Heat capacity and derived properties (through integration) for Ideal gas
Equation:	PolynomialHC
Validity range
Temperature:	200 to 1000	K
Constants:		298.15	0	366.126	0	9.32253
Parameters:
 -36.455
 0.75273
 -9.165e-005
 -1.3729e-007
 1.5134e-020
Covariance matrix
525.272	-1.03675	0	0	0
-1.03675	0.00261565	0	0	0
0	0	0	0	0
0	0	0	0	0
0	0	0	0	0
**************************************************
Enthalpy (Liquid, Gas)
Heat capacity and derived properties (through integration) for Liquid
Equation:	CSExpansion
Validity range
Temperature:	149.1 to 630	K
Constants:		645.134	298.15	0	253.082
Parameters:
 0.368008
 205.625
 -0.186775
 0.000797949
 3.97298e-007
Covariance matrix
121.745	179.627	-1.47281	0	0
179.627	1515.89	-5.78367	0	0
-1.47281	-5.78367	0.0293227	0	0
0	0	0	0	0
0	0	0	0	0
**************************************************
Enthalpy (Ideal gas)
Heat capacity and derived properties (through integration) for Ideal gas
Equation:	PolynomialHC
Validity range
Temperature:	200 to 1000	K
Constants:		298.15	0	366.126	0	9.32253
Parameters:
 -36.455
 0.75273
 -9.165e-005
 -1.3729e-007
 1.5134e-020
Covariance matrix
525.272	-1.03675	0	0	0
-1.03675	0.00261565	0	0	0
0	0	0	0	0
0	0	0	0	0
0	0	0	0	0
**************************************************
Entropy (Ideal gas)
Heat capacity and derived properties (through integration) for Ideal gas
Equation:	PolynomialHC
Validity range
Temperature:	200 to 1000	K
Pressure:	100 to 100	kPa
Constants:		298.15	0	366.126	0	9.32253
Parameters:
 -36.455
 0.75273
 -9.165e-005
 -1.3729e-007
 1.5134e-020
Covariance matrix
525.272	-1.03675	0	0	0
-1.03675	0.00261565	0	0	0
0	0	0	0	0
0	0	0	0	0
0	0	0	0	0
**************************************************
Entropy (Liquid, Gas)
Heat capacity and derived properties (through integration) for Liquid
Equation:	CSExpansion
Validity range
Temperature:	149.1 to 630	K
Constants:		645.134	298.15	0	253.082
Parameters:
 0.368008
 205.625
 -0.186775
 0.000797949
 3.97298e-007
Covariance matrix
121.745	179.627	-1.47281	0	0
179.627	1515.89	-5.78367	0	0
-1.47281	-5.78367	0.0293227	0	0
0	0	0	0	0
0	0	0	0	0
**************************************************
Refractive index (Liquid, Gas)
Equation:	RIXExpansion
Validity range
Wavelength:	589.26 to 589.26	nm
Temperature:	288.091 to 299.136	K
Constants:		0
Parameters:
 1.47582
 -3.37591e-005
Covariance matrix
1.72355e-006	2.36252e-007
2.36252e-007	4.38783e-008
**************************************************
Surface tension (Liquid, Gas)
Equation:	PPDS 14
Validity range
Temperature:	283.993 to 456.696	K
Constants:		645.134
Parameters:
 0.0183979
 0.531681
 2.37073
Covariance matrix
0.771205	14.5506	-139.152
14.5506	274.53	-2625.42
-139.152	-2625.42	25107.8
**************************************************
Viscosity (Gas)
Equation:	TransportPolynomial
Validity range
Temperature:	470 to 960	K
Pressure:	0 to 101.325	kPa
Constants:		645.134
Parameters:
 -6.76616e-007
 1.7739e-008
 -2.66681e-012
Covariance matrix
1.05809e-009	-3.13807e-012	2.22767e-015
-3.13807e-012	9.39733e-015	-6.72781e-018
2.22767e-015	-6.72781e-018	4.8585e-021
**************************************************
Viscosity (Liquid, Gas)
Equation:	PPDS 9
Validity range
Temperature:	277.997 to 640	K
Constants:		645.134
Parameters:
 3.79196e-006
 3.49762
 3.62477e-008
 1083.08
 172.02
Covariance matrix
1.15964e-007	-8.99221e-008	0	0	0
-8.99221e-008	6.99829e-008	0	0	0
0	0	0	0	0
0	0	0	0	0
0	0	0	0	0
**************************************************
Thermal conductivity (Gas)
Equation:	TransportPolynomial
Validity range
Temperature:	470 to 960	K
Pressure:	0 to 0	kPa
Constants:		645.134
Parameters:
 -0.0193874
 7.50871e-005
 1.48105e-008
Covariance matrix
0.0042466	-1.29491e-005	9.43048e-009
-1.29491e-005	3.98365e-008	-2.92557e-011
9.43048e-009	-2.92557e-011	2.16858e-014
**************************************************
Thermal conductivity (Liquid, Gas)
Equation:	TransportPolynomial
Validity range
Temperature:	150 to 580	K
Constants:		645.134
Parameters:
 0.160676
 -5.44481e-005
 -1.68227e-007
Covariance matrix
0.00534811	-2.87876e-005	3.54046e-008
-2.87876e-005	1.62777e-007	-2.06232e-010
3.54046e-008	-2.06232e-010	2.66886e-013
**************************************************

Recommended values

**************************************************
Triple point temperature (Crystal 1, Liquid, Gas)

T	T uncertainty
K	K
149.1	2.5

**************************************************
Normal boiling temperature (Liquid, Gas)

TBN	TBN uncertainty
K	K
464.9	1.1

**************************************************
Critical temperature (Liquid, Gas)

TC	TC uncertainty
K	K
645	10

**************************************************
Critical pressure (Liquid, Gas)

PC	PC uncertainty
kPa	kPa
2086	375

**************************************************
Boiling temperature (Liquid, Gas)

P	TB	TB uncertainty
kPa	K	K
1.15123e-011	149.1	1.8
100	464.3	1.1
200	496.6	1.9
300	517.9	2.7
400	534.1	3.4
500	547.4	4.1
600	558.8	4.8
700	568.7	5.4
800	577.5	6.1
900	585.4	6.7
1000	592.7	7.2
1100	599.3	7.8
1200	605.4	8.3
1300	611.1	8.8
1400	616.5	9.3
1500	621.4	9.7
1600	626	10
1700	630	11
1800	635	11
1900	639	11
2000	642	11
2086.03	645	11

**************************************************
Phase boundary pressure (Liquid, Gas)

T	P	P uncertainty
K	kPa	kPa
150	1.6e-011	1.2e-011
160	3.5e-010	2.4e-010
180	5.5e-008	3.0e-008
200	2.8e-006	1.2e-006
220	6.5e-005	2.2e-005
240	0.00081	0.00021
260	0.0064	0.0013
280	0.0361	0.0056
300	0.154	0.018
320	0.527	0.046
340	1.517	0.096
360	3.79	0.17
380	8.40	0.27
400	16.95	0.40
420	31.54	0.61
440	54.9	1.1
460	90.4	2.2
480	141.8	4.4
500	213.9	8.5
520	312	16
540	442	28
560	612	49
580	831	81
600	1111	131
620	1471	209
640	1940	331
645.134	2086	375

**************************************************
Critical density (Liquid, Gas)

VDC	VDC uncertainty
kg/m3	kg/m3
273	11

**************************************************
Density (Liquid, Gas)

T	VDN	VDN uncertainty
K	kg/m3	kg/m3
149.1	1010	70
169.1	989	50
189.1	969	34
209.1	951	22
229.1	933	14
249.1	916.5	7.5
269.1	900.7	3.7
289.1	885.4	2.0
309.1	870.6	1.9
329.1	856.1	2.4
349.1	841.8	2.9
369.1	827.3	3.4
389.1	812.7	3.6
409.1	797.6	4.1
429.1	781.8	5.7
449.1	765.1	9.6
469.1	747	16
489.1	728	25
509.1	706	37
529.1	683	52
549.1	656	66
569.1	624	62
589.1	587	59
609.1	539	54
629.1	470	47
645.134	273	27

**************************************************
Density (Gas)

T	P	VDN	VDN uncertainty
K	kPa	kg/m3	kg/m3
410	20	0.818	0.036
420	20	0.799	0.037
430	20	0.780	0.038
430	40	1.575	0.076
440	20	0.763	0.037
440	40	1.539	0.083
450	20	0.746	0.034
450	40	1.505	0.087
450	60	2.28	0.11
460	20	0.729	0.030
460	40	1.472	0.085
460	60	2.23	0.12
460	80	3.00	0.15
470	20	0.714	0.025
470	40	1.440	0.078
470	60	2.18	0.12
470	80	2.94	0.14
470	100	3.71	0.24
480	20	0.699	0.021
480	40	1.410	0.068
480	60	2.13	0.12
480	80	2.87	0.15
480	100	3.62	0.19
480	120	4.39	0.36
480	140	5.18	0.76
490	20	0.684	0.017
490	40	1.380	0.057
490	60	2.09	0.11
490	80	2.81	0.15
490	100	3.54	0.19
490	120	4.29	0.27
490	140	5.06	0.48
490	160	5.84	0.88
500	20	0.670	0.013
500	40	1.352	0.047
500	60	2.045	0.093
500	80	2.75	0.14
500	100	3.47	0.19
500	120	4.20	0.26
500	140	4.95	0.37
500	160	5.71	0.58
500	180	6.49	0.94
500	200	7.3	1.5
510	20	0.657	0.011
510	40	1.325	0.039
510	60	2.003	0.081
510	80	2.69	0.13
510	100	3.39	0.19
510	120	4.11	0.25
510	140	4.84	0.34
510	160	5.58	0.46
510	180	6.34	0.65
510	200	7.11	0.95
510	220	7.9	1.4
510	240	8.7	2.0
510	260	9.5	2.8
520	20	0.6443	0.0089
520	40	1.298	0.034
520	60	1.963	0.072
520	80	2.64	0.12
520	100	3.32	0.18
520	120	4.02	0.25
520	140	4.73	0.32
520	160	5.46	0.41
520	180	6.19	0.52
520	200	6.94	0.68
520	220	7.71	0.89
520	240	8.5	1.2
520	260	9.3	1.6
520	280	10.1	2.1
520	300	11.0	2.9
530	20	0.6319	0.0080
530	40	1.273	0.031
530	60	1.924	0.067
530	80	2.58	0.11
530	100	3.26	0.17
530	120	3.94	0.23
530	140	4.63	0.30
530	160	5.34	0.38
530	180	6.05	0.46
530	200	6.78	0.54
530	220	7.53	0.65
530	240	8.29	0.77
530	260	9.06	0.94
530	280	9.9	1.2
530	300	10.7	1.5
530	320	11.5	1.9
530	332.201	12.0	2.3
540	20	0.6201	0.0077
540	40	1.249	0.030
540	60	1.886	0.065
540	80	2.53	0.11
540	100	3.19	0.16
540	120	3.86	0.22
540	140	4.53	0.29
540	160	5.22	0.35
540	180	5.92	0.41
540	200	6.63	0.47
540	220	7.35	0.53
540	240	8.09	0.58
540	260	8.84	0.64
540	280	9.61	0.72
540	300	10.39	0.85
540	320	11.2	1.1
540	332.201	11.7	1.2
550	20	0.6086	0.0077
550	40	1.225	0.030
550	60	1.850	0.064
550	80	2.48	0.11
550	100	3.13	0.16
550	120	3.78	0.22
550	140	4.44	0.28
550	160	5.11	0.33
550	180	5.79	0.39
550	200	6.48	0.43
550	220	7.19	0.46
550	240	7.90	0.49
550	260	8.63	0.51
550	280	9.37	0.55
550	300	10.13	0.63
550	320	10.89	0.81
550	332.201	11.37	0.97
560	20	0.5975	0.0078
560	40	1.203	0.030
560	60	1.815	0.064
560	80	2.44	0.11
560	100	3.06	0.16
560	120	3.70	0.21
560	140	4.35	0.27
560	160	5.00	0.32
560	180	5.67	0.37
560	200	6.34	0.41
560	220	7.03	0.43
560	240	7.72	0.45
560	260	8.43	0.46
560	280	9.15	0.50
560	300	9.88	0.60
560	320	10.62	0.79
560	332.201	11.08	0.96
570	20	0.5869	0.0078
570	40	1.181	0.030
570	60	1.782	0.064
570	80	2.39	0.11
570	100	3.01	0.16
570	120	3.63	0.21
570	140	4.26	0.27
570	160	4.90	0.32
570	180	5.55	0.36
570	200	6.21	0.40
570	220	6.88	0.42
570	240	7.55	0.44
570	260	8.24	0.46
570	280	8.94	0.50
570	300	9.64	0.60
570	320	10.36	0.79
570	332.201	10.81	0.96
580	20	0.5766	0.0078
580	40	1.160	0.030
580	60	1.749	0.064
580	80	2.35	0.11
580	100	2.95	0.16
580	120	3.56	0.21
580	140	4.18	0.26
580	160	4.80	0.31
580	180	5.44	0.36
580	200	6.08	0.39
580	220	6.73	0.42
580	240	7.39	0.44
580	260	8.06	0.46
580	280	8.73	0.50
580	300	9.42	0.60
580	320	10.12	0.79
580	332.201	10.55	0.95
590	20	0.5666	0.0079
590	40	1.139	0.030
590	60	1.718	0.064
590	80	2.30	0.11
590	100	2.89	0.16
590	120	3.49	0.21
590	140	4.10	0.26
590	160	4.71	0.31
590	180	5.33	0.36
590	200	5.95	0.39
590	220	6.59	0.41
590	240	7.23	0.43
590	260	7.88	0.44
590	280	8.54	0.49
590	300	9.21	0.59
590	320	9.88	0.78
590	332.201	10.30	0.94
600	20	0.5570	0.0083
600	40	1.120	0.031
600	60	1.688	0.067
600	80	2.26	0.11
600	100	2.84	0.16
600	120	3.43	0.22
600	140	4.02	0.27
600	160	4.62	0.32
600	180	5.22	0.36
600	200	5.84	0.39
600	220	6.45	0.40
600	240	7.08	0.41
600	260	7.71	0.42
600	280	8.35	0.46
600	300	9.00	0.56
600	320	9.66	0.77
600	332.201	10.06	0.94
610	20	0.5477	0.0091
610	40	1.100	0.034
610	60	1.658	0.073
610	80	2.22	0.12
610	100	2.79	0.18
610	120	3.36	0.23
610	140	3.94	0.29
610	160	4.53	0.34
610	180	5.12	0.37
610	200	5.72	0.40
610	220	6.33	0.40
610	240	6.94	0.40
610	260	7.55	0.39
610	280	8.18	0.43
610	300	8.81	0.55
610	320	9.45	0.78
610	332.201	9.84	0.98
620	20	0.539	0.010
620	40	1.082	0.039
620	60	1.630	0.083
620	80	2.18	0.14
620	100	2.74	0.20
620	120	3.30	0.26
620	140	3.87	0.32
620	160	4.45	0.38
620	180	5.03	0.41
620	200	5.61	0.44
620	220	6.20	0.44
620	240	6.80	0.42
620	260	7.40	0.41
620	280	8.01	0.45
620	300	8.62	0.59
620	320	9.25	0.86
620	332.201	9.6	1.1
630	20	0.530	0.012
630	40	1.064	0.046
630	60	1.603	0.097
630	80	2.15	0.16
630	100	2.69	0.23
630	120	3.25	0.31
630	140	3.80	0.38
630	160	4.37	0.44
630	180	4.93	0.49
630	200	5.50	0.52
630	220	6.08	0.53
630	240	6.67	0.52
630	260	7.25	0.53
630	280	7.85	0.58
630	300	8.45	0.75
630	320	9.1	1.1
630	332.201	9.4	1.3
635.524	20	0.525	0.013
635.524	40	1.055	0.050
635.524	60	1.59	0.11
635.524	80	2.13	0.18
635.524	100	2.67	0.26
635.524	120	3.21	0.34
635.524	140	3.77	0.42
635.524	160	4.32	0.49
635.524	180	4.88	0.54
635.524	200	5.45	0.58
635.524	220	6.02	0.60
635.524	240	6.59	0.61
635.524	260	7.18	0.63
635.524	280	7.76	0.70
635.524	300	8.35	0.88
635.524	320	9.0	1.2
635.524	332.201	9.3	1.5

**************************************************
Density (Gas, Liquid)

T	VDN	VDN uncertainty
K	kg/m3	kg/m3
517.752	11.01	0.17
520	11.48	0.18
530	13.77	0.21
540	16.46	0.21
550	19.67	0.26
560	23.52	0.31
570	28.15	0.36
580	33.74	0.45
590	40.58	0.61
600	49.10	0.76
610	60.10	0.98
620	75.2	1.5
630	98.2	2.5
640	144.2	4.8
645.134	273	22

**************************************************
Enthalpy of vaporization or sublimation (Liquid, Gas)

T	HVP	HVP uncertainty
K	kJ/mol	kJ/mol
149.1	63.0	8.3
160	61.8	7.2
180	59.7	5.6
200	57.8	4.4
220	56.1	3.5
240	54.4	2.9
260	52.8	2.6
280	51.4	2.3
300	49.9	2.1
320	48.6	1.9
340	47.3	1.7
360	46.0	1.5
380	44.8	1.3
400	43.5	1.2
420	42.2	1.3
440	40.9	1.4
460	39.6	1.5
480	38.1	1.6
500	36.6	1.7
520	34.8	1.7
540	32.9	1.7
560	30.6	1.7
580	27.9	1.8
600	24.3	2.5
620	19.4	3.7
640	10.1	4.7
645.134	0.0	0.0

**************************************************
Heat capacity at saturation pressure (Liquid, Gas)

T	CS	CS uncertainty
K	J/K/mol	J/K/mol
149.1	197	23
160	198	22
180	201	20
200	204	17
220	208	15
240	213	14
260	219	12
280	225	12
300	233	11
320	241	12
340	251	13
360	261	14
380	273	15
400	285	16
420	298	18
440	313	19
460	329	20
480	345	21
500	363	23
520	382	25
540	402	29
560	424	38
580	447	57
600	472	99
620	501	219
630	520	404

**************************************************
Heat capacity at constant pressure (Ideal gas)

T	CP	CP uncertainty
K	J/K/mol	J/K/mol
200	109	15
200	109	15
250	144	13
300	177	12
350	210	11
400	241	11
450	271	11
500	300	12
550	327	13
600	353	15
650	376	17
700	398	19
750	419	21
800	437	23
850	453	26
900	467	28
950	478	30
1000	487	33

**************************************************
Enthalpy (Liquid, Gas)

T	H	H uncertainty
K	kJ/mol	kJ/mol
149.1	-31.4	3.7
160	-29.3	3.2
180	-25.3	2.5
200	-21.2	1.8
220	-17.1	1.3
240	-12.90	0.82
260	-8.59	0.48
280	-4.15	0.21
300	0.430	0.021
320	5.17	0.25
340	10.09	0.51
360	15.21	0.80
380	20.5	1.1
400	26.1	1.5
420	31.9	1.9
440	38.1	2.3
460	44.5	2.7
480	51.2	3.2
500	58.3	3.7
520	65.7	4.3
540	73.6	5.3
560	81.8	7.3
580	91	12
600	1.0e+002	21
620	109	48
630	115	89

**************************************************
Enthalpy (Ideal gas)

T	H	H uncertainty
K	kJ/mol	kJ/mol
200	-14.0	1.9
200	-14.0	1.9
250	-7.71	0.70
300	0.327	0.022
350	10.01	0.52
400	21.30	0.94
450	34.1	1.4
500	48.4	1.9
550	64.1	2.6
600	81.1	3.4
650	99.3	4.4
700	118.7	5.6
750	139.1	7.0
800	160.5	8.5
850	183	10
900	206	12
950	229	15
1000	254	17

**************************************************
Entropy (Ideal gas)

T	P	S	S uncertainty
K	kPa	J/K/mol	J/K/mol
200	100	310	17
200	100	310	17
250	100	338	12
300	100	367.2	9.4
350	100	397	11
400	100	427	12
450	100	457	13
500	100	487	14
550	100	517	15
600	100	547	17
650	100	576	19
700	100	605	21
750	100	633	23
800	100	660	25
850	100	687	27
900	100	714	30
950	100	739	33
1000	100	764	36

**************************************************
Entropy (Liquid, Gas)

T	S	S uncertainty
K	J/K/mol	J/K/mol
149.1	108	52
160	122	49
180	146	45
200	167	42
220	187	39
240	205	38
260	222	36
280	239	35
300	255	35
320	270	35
340	285	36
360	299	37
380	314	38
400	328	39
420	342	40
440	356	41
460	371	42
480	385	43
500	400	44
520	414	45
540	429	47
560	444	52
580	459	61
600	475	81
620	491	139
630	499	226

**************************************************
Refractive index (Liquid, Gas)

WL	T	RIX	RIX uncertainty
nm	K		
589.26	288.091	1.4762	0.0012
589.26	289	1.4761	0.0010
589.26	290	1.47609	0.00089
589.26	291	1.47606	0.00077
589.26	292	1.47602	0.00069
589.26	293	1.47599	0.00067
589.26	294	1.47596	0.00072
589.26	295	1.47592	0.00082
589.26	296	1.47589	0.00095
589.26	297	1.4759	0.0011
589.26	298	1.4758	0.0013
589.26	299	1.4758	0.0015
589.26	299.136	1.4758	0.0015

**************************************************
Surface tension (Liquid, Gas)

T	IST	IST uncertainty
K	N/m	N/m
283.993	0.03145	0.00025
293.993	0.03049	0.00021
303.993	0.02955	0.00022
313.993	0.02861	0.00023
323.993	0.02768	0.00021
333.993	0.02676	0.00018
343.993	0.02585	0.00015
353.993	0.02495	0.00016
363.993	0.02405	0.00023
373.993	0.02317	0.00032
383.993	0.02229	0.00042
393.993	0.02142	0.00051
403.993	0.02056	0.00057
413.993	0.01971	0.00060
423.993	0.01887	0.00058
433.993	0.01804	0.00051
443.993	0.01722	0.00038
453.993	0.01640	0.00027
456.696	0.01619	0.00029

**************************************************
Viscosity (Gas)

T	P	NVC	NVC uncertainty
K	kPa	Pa*s	Pa*s
470	101.325	7.1e-006	2.9e-006
480	101.325	7.2e-006	2.6e-006
500	101.325	7.5e-006	2.2e-006
520	101.325	7.8e-006	1.9e-006
540	101.325	8.1e-006	1.7e-006
560	101.325	8.4e-006	1.6e-006
580	101.325	8.7e-006	1.6e-006
600	101.325	9.0e-006	1.6e-006
620	101.325	9.3e-006	1.7e-006
640	101.325	9.6e-006	1.8e-006
660	101.325	9.9e-006	1.9e-006
680	101.325	1.02e-005	1.9e-006
700	101.325	1.04e-005	2.0e-006
720	101.325	1.07e-005	2.0e-006
740	101.325	1.10e-005	2.0e-006
760	101.325	1.13e-005	1.9e-006
780	101.325	1.15e-005	1.9e-006
800	101.325	1.18e-005	1.9e-006
820	101.325	1.21e-005	2.0e-006
840	101.325	1.23e-005	2.1e-006
860	101.325	1.26e-005	2.3e-006
880	101.325	1.29e-005	2.6e-006
900	101.325	1.31e-005	3.0e-006
920	101.325	1.34e-005	3.4e-006
940	101.325	1.36e-005	4.0e-006
960	101.325	1.39e-005	4.6e-006

**************************************************
Viscosity (Liquid, Gas)

T	NVC	NVC uncertainty
K	Pa*s	Pa*s
277.997	0.0037	0.33
280	0.0035	0.31
300	0.0023	0.20
320	0.0016	0.14
340	0.0012	0.11
360	0.00091	0.082
380	0.00072	0.065
400	0.00059	0.053
420	0.00049	0.044
440	0.00041	0.037
460	0.00035	0.031
480	0.00030	0.027
500	0.00026	0.024
520	0.00023	0.021
540	0.00020	0.018
560	0.00018	0.016
580	0.00016	0.014
600	0.00014	0.013
620	0.00013	0.012
640	0.00012	0.011

**************************************************
Thermal conductivity (Gas)

T	P	NTC	NTC uncertainty
K	kPa	W/m/K	W/m/K
470	101.325	0.0192	0.0049
480	101.325	0.0201	0.0044
500	101.325	0.0219	0.0037
520	101.325	0.0237	0.0031
540	101.325	0.0255	0.0029
560	101.325	0.0273	0.0029
580	101.325	0.0291	0.0030
600	101.325	0.0310	0.0033
620	101.325	0.0329	0.0035
640	101.325	0.0347	0.0038
660	101.325	0.0366	0.0039
680	101.325	0.0385	0.0041
700	101.325	0.0404	0.0041
720	101.325	0.0424	0.0042
740	101.325	0.0443	0.0042
760	101.325	0.0462	0.0042
780	101.325	0.0482	0.0042
800	101.325	0.0502	0.0044
820	101.325	0.0521	0.0046
840	101.325	0.0541	0.0051
860	101.325	0.0561	0.0057
880	101.325	0.0582	0.0065
900	101.325	0.0602	0.0075
920	101.325	0.0622	0.0087
940	101.325	0.0643	0.0100
960	101.325	0.066	0.011

**************************************************
Thermal conductivity (Liquid, Gas)

T	NTC	NTC uncertainty
K	W/m/K	W/m/K
150	0.149	0.027
160	0.148	0.025
180	0.145	0.021
200	0.143	0.017
220	0.141	0.015
240	0.138	0.013
260	0.135	0.012
280	0.132	0.011
300	0.129	0.011
320	0.126	0.011
340	0.123	0.011
360	0.119	0.012
380	0.116	0.011
400	0.112	0.011
420	0.108	0.011
440	0.104	0.010
460	0.1000	0.0096
480	0.0958	0.0091
500	0.0914	0.0089
520	0.0869	0.0094
540	0.082	0.011
560	0.077	0.013
580	0.073	0.016




Alternative equations 



Multi-property models 

